Id	LinkId	FightingScore	MonsterType	AttributeId
#我是注释行	#NpcId	#战斗力	#怪物类型	#属性Id
1	80001|80002|80003|80004|80005|80006|80007|80008|80009|80010|81001|81002|81003|81004|81005|81006|81007|81008|81009|81010|82001|82002|82003|82004|82005|82006|82007|82008|82009|82010	3090	0	1|1|1|1|1|1|1|1|1|1|1001|1001|1001|1001|1001|1001|1001|1001|1001|1001|2001|2001|2001|2001|2001|2001|2001|2001|2001|2001
2	80001|80002|80003|80004|80005|80006|80007|80008|80009|80010|81001|81002|81003|81004|81005|81006|81007|81008|81009|81010|82001|82002|82003|82004|82005|82006|82007|82008|82009|82010	3440	0	2|2|2|2|2|2|2|2|2|2|1002|1002|1002|1002|1002|1002|1002|1002|1002|1002|2002|2002|2002|2002|2002|2002|2002|2002|2002|2002
3	80001|80002|80003|80004|80005|80006|80007|80008|80009|80010|81001|81002|81003|81004|81005|81006|81007|81008|81009|81010|82001|82002|82003|82004|82005|82006|82007|82008|82009|82010	3800	0	3|3|3|3|3|3|3|3|3|3|1003|1003|1003|1003|1003|1003|1003|1003|1003|1003|2003|2003|2003|2003|2003|2003|2003|2003|2003|2003
4	80001|80002|80003|80004|80005|80006|80007|80008|80009|80010|81001|81002|81003|81004|81005|81006|81007|81008|81009|81010|82001|82002|82003|82004|82005|82006|82007|82008|82009|82010	4150	0	4|4|4|4|4|4|4|4|4|4|1004|1004|1004|1004|1004|1004|1004|1004|1004|1004|2004|2004|2004|2004|2004|2004|2004|2004|2004|2004
5	80001|80002|80003|80004|80005|80006|80007|80008|80009|80010|81001|81002|81003|81004|81005|81006|81007|81008|81009|81010|82001|82002|82003|82004|82005|82006|82007|82008|82009|82010	4500	0	5|5|5|5|5|5|5|5|5|5|1005|1005|1005|1005|1005|1005|1005|1005|1005|1005|2005|2005|2005|2005|2005|2005|2005|2005|2005|2005
6	80001|80002|80003|80004|80005|80006|80007|80008|80009|80010|81001|81002|81003|81004|81005|81006|81007|81008|81009|81010|82001|82002|82003|82004|82005|82006|82007|82008|82009|82010	4860	0	6|6|6|6|6|6|6|6|6|6|1006|1006|1006|1006|1006|1006|1006|1006|1006|1006|2006|2006|2006|2006|2006|2006|2006|2006|2006|2006
7	80001|80002|80003|80004|80005|80006|80007|80008|80009|80010|81001|81002|81003|81004|81005|81006|81007|81008|81009|81010|82001|82002|82003|82004|82005|82006|82007|82008|82009|82010	5210	0	7|7|7|7|7|7|7|7|7|7|1007|1007|1007|1007|1007|1007|1007|1007|1007|1007|2007|2007|2007|2007|2007|2007|2007|2007|2007|2007
8	80001|80002|80003|80004|80005|80006|80007|80008|80009|80010|81001|81002|81003|81004|81005|81006|81007|81008|81009|81010|82001|82002|82003|82004|82005|82006|82007|82008|82009|82010	5560	0	8|8|8|8|8|8|8|8|8|8|1008|1008|1008|1008|1008|1008|1008|1008|1008|1008|2008|2008|2008|2008|2008|2008|2008|2008|2008|2008
9	80001|80002|80003|80004|80005|80006|80007|80008|80009|80010|81001|81002|81003|81004|81005|81006|81007|81008|81009|81010|82001|82002|82003|82004|82005|82006|82007|82008|82009|82010	5920	0	9|9|9|9|9|9|9|9|9|9|1009|1009|1009|1009|1009|1009|1009|1009|1009|1009|2009|2009|2009|2009|2009|2009|2009|2009|2009|2009
10	80001|80002|80003|80004|80005|80006|80007|80008|80009|80010|81001|81002|81003|81004|81005|81006|81007|81008|81009|81010|82001|82002|82003|82004|82005|82006|82007|82008|82009|82010	6270	0	10|10|10|10|10|10|10|10|10|10|1010|1010|1010|1010|1010|1010|1010|1010|1010|1010|2010|2010|2010|2010|2010|2010|2010|2010|2010|2010
11	80001|80002|80003|80004|80005|80006|80007|80008|80009|80010|81001|81002|81003|81004|81005|81006|81007|81008|81009|81010|82001|82002|82003|82004|82005|82006|82007|82008|82009|82010	6620	0	11|11|11|11|11|11|11|11|11|11|1011|1011|1011|1011|1011|1011|1011|1011|1011|1011|2011|2011|2011|2011|2011|2011|2011|2011|2011|2011
12	80001|80002|80003|80004|80005|80006|80007|80008|80009|80010|81001|81002|81003|81004|81005|81006|81007|81008|81009|81010|82001|82002|82003|82004|82005|82006|82007|82008|82009|82010	6980	0	12|12|12|12|12|12|12|12|12|12|1012|1012|1012|1012|1012|1012|1012|1012|1012|1012|2012|2012|2012|2012|2012|2012|2012|2012|2012|2012
13	80001|80002|80003|80004|80005|80006|80007|80008|80009|80010|81001|81002|81003|81004|81005|81006|81007|81008|81009|81010|82001|82002|82003|82004|82005|82006|82007|82008|82009|82010	7330	0	13|13|13|13|13|13|13|13|13|13|1013|1013|1013|1013|1013|1013|1013|1013|1013|1013|2013|2013|2013|2013|2013|2013|2013|2013|2013|2013
14	80001|80002|80003|80004|80005|80006|80007|80008|80009|80010|81001|81002|81003|81004|81005|81006|81007|81008|81009|81010|82001|82002|82003|82004|82005|82006|82007|82008|82009|82010	7680	0	14|14|14|14|14|14|14|14|14|14|1014|1014|1014|1014|1014|1014|1014|1014|1014|1014|2014|2014|2014|2014|2014|2014|2014|2014|2014|2014
15	80001|80002|80003|80004|80005|80006|80007|80008|80009|80010|81001|81002|81003|81004|81005|81006|81007|81008|81009|81010|82001|82002|82003|82004|82005|82006|82007|82008|82009|82010	8030	0	15|15|15|15|15|15|15|15|15|15|1015|1015|1015|1015|1015|1015|1015|1015|1015|1015|2015|2015|2015|2015|2015|2015|2015|2015|2015|2015
16	80001|80002|80003|80004|80005|80006|80007|80008|80009|80010|81001|81002|81003|81004|81005|81006|81007|81008|81009|81010|82001|82002|82003|82004|82005|82006|82007|82008|82009|82010	8390	0	16|16|16|16|16|16|16|16|16|16|1016|1016|1016|1016|1016|1016|1016|1016|1016|1016|2016|2016|2016|2016|2016|2016|2016|2016|2016|2016
17	80001|80002|80003|80004|80005|80006|80007|80008|80009|80010|81001|81002|81003|81004|81005|81006|81007|81008|81009|81010|82001|82002|82003|82004|82005|82006|82007|82008|82009|82010	8740	0	17|17|17|17|17|17|17|17|17|17|1017|1017|1017|1017|1017|1017|1017|1017|1017|1017|2017|2017|2017|2017|2017|2017|2017|2017|2017|2017
18	80001|80002|80003|80004|80005|80006|80007|80008|80009|80010|81001|81002|81003|81004|81005|81006|81007|81008|81009|81010|82001|82002|82003|82004|82005|82006|82007|82008|82009|82010	9090	0	18|18|18|18|18|18|18|18|18|18|1018|1018|1018|1018|1018|1018|1018|1018|1018|1018|2018|2018|2018|2018|2018|2018|2018|2018|2018|2018
19	80001|80002|80003|80004|80005|80006|80007|80008|80009|80010|81001|81002|81003|81004|81005|81006|81007|81008|81009|81010|82001|82002|82003|82004|82005|82006|82007|82008|82009|82010	9450	0	19|19|19|19|19|19|19|19|19|19|1019|1019|1019|1019|1019|1019|1019|1019|1019|1019|2019|2019|2019|2019|2019|2019|2019|2019|2019|2019
20	80001|80002|80003|80004|80005|80006|80007|80008|80009|80010|81001|81002|81003|81004|81005|81006|81007|81008|81009|81010|82001|82002|82003|82004|82005|82006|82007|82008|82009|82010	9880	0	20|20|20|20|20|20|20|20|20|20|1020|1020|1020|1020|1020|1020|1020|1020|1020|1020|2020|2020|2020|2020|2020|2020|2020|2020|2020|2020
21	80001|80002|80003|80004|80005|80006|80007|80008|80009|80010|81001|81002|81003|81004|81005|81006|81007|81008|81009|81010|82001|82002|82003|82004|82005|82006|82007|82008|82009|82010	10260	0	21|21|21|21|21|21|21|21|21|21|1021|1021|1021|1021|1021|1021|1021|1021|1021|1021|2021|2021|2021|2021|2021|2021|2021|2021|2021|2021
22	80001|80002|80003|80004|80005|80006|80007|80008|80009|80010|81001|81002|81003|81004|81005|81006|81007|81008|81009|81010|82001|82002|82003|82004|82005|82006|82007|82008|82009|82010	10650	0	22|22|22|22|22|22|22|22|22|22|1022|1022|1022|1022|1022|1022|1022|1022|1022|1022|2022|2022|2022|2022|2022|2022|2022|2022|2022|2022
23	80001|80002|80003|80004|80005|80006|80007|80008|80009|80010|81001|81002|81003|81004|81005|81006|81007|81008|81009|81010|82001|82002|82003|82004|82005|82006|82007|82008|82009|82010	11030	0	23|23|23|23|23|23|23|23|23|23|1023|1023|1023|1023|1023|1023|1023|1023|1023|1023|2023|2023|2023|2023|2023|2023|2023|2023|2023|2023
24	80001|80002|80003|80004|80005|80006|80007|80008|80009|80010|81001|81002|81003|81004|81005|81006|81007|81008|81009|81010|82001|82002|82003|82004|82005|82006|82007|82008|82009|82010	11340	0	24|24|24|24|24|24|24|24|24|24|1024|1024|1024|1024|1024|1024|1024|1024|1024|1024|2024|2024|2024|2024|2024|2024|2024|2024|2024|2024
25	80001|80002|80003|80004|80005|80006|80007|80008|80009|80010|81001|81002|81003|81004|81005|81006|81007|81008|81009|81010|82001|82002|82003|82004|82005|82006|82007|82008|82009|82010	11770	0	25|25|25|25|25|25|25|25|25|25|1025|1025|1025|1025|1025|1025|1025|1025|1025|1025|2025|2025|2025|2025|2025|2025|2025|2025|2025|2025
26	80001|80002|80003|80004|80005|80006|80007|80008|80009|80010|81001|81002|81003|81004|81005|81006|81007|81008|81009|81010|82001|82002|82003|82004|82005|82006|82007|82008|82009|82010	12040	0	26|26|26|26|26|26|26|26|26|26|1026|1026|1026|1026|1026|1026|1026|1026|1026|1026|2026|2026|2026|2026|2026|2026|2026|2026|2026|2026
27	80001|80002|80003|80004|80005|80006|80007|80008|80009|80010|81001|81002|81003|81004|81005|81006|81007|81008|81009|81010|82001|82002|82003|82004|82005|82006|82007|82008|82009|82010	12400	0	27|27|27|27|27|27|27|27|27|27|1027|1027|1027|1027|1027|1027|1027|1027|1027|1027|2027|2027|2027|2027|2027|2027|2027|2027|2027|2027
28	80001|80002|80003|80004|80005|80006|80007|80008|80009|80010|81001|81002|81003|81004|81005|81006|81007|81008|81009|81010|82001|82002|82003|82004|82005|82006|82007|82008|82009|82010	12830	0	28|28|28|28|28|28|28|28|28|28|1028|1028|1028|1028|1028|1028|1028|1028|1028|1028|2028|2028|2028|2028|2028|2028|2028|2028|2028|2028
29	80001|80002|80003|80004|80005|80006|80007|80008|80009|80010|81001|81002|81003|81004|81005|81006|81007|81008|81009|81010|82001|82002|82003|82004|82005|82006|82007|82008|82009|82010	13260	0	29|29|29|29|29|29|29|29|29|29|1029|1029|1029|1029|1029|1029|1029|1029|1029|1029|2029|2029|2029|2029|2029|2029|2029|2029|2029|2029
30	80001|80002|80003|80004|80005|80006|80007|80008|80009|80010|81001|81002|81003|81004|81005|81006|81007|81008|81009|81010|82001|82002|82003|82004|82005|82006|82007|82008|82009|82010	13690	0	30|30|30|30|30|30|30|30|30|30|1030|1030|1030|1030|1030|1030|1030|1030|1030|1030|2030|2030|2030|2030|2030|2030|2030|2030|2030|2030
31	80001|80002|80003|80004|80005|80006|80007|80008|80009|80010|81001|81002|81003|81004|81005|81006|81007|81008|81009|81010|82001|82002|82003|82004|82005|82006|82007|82008|82009|82010	14120	0	31|31|31|31|31|31|31|31|31|31|1031|1031|1031|1031|1031|1031|1031|1031|1031|1031|2031|2031|2031|2031|2031|2031|2031|2031|2031|2031
32	80001|80002|80003|80004|80005|80006|80007|80008|80009|80010|81001|81002|81003|81004|81005|81006|81007|81008|81009|81010|82001|82002|82003|82004|82005|82006|82007|82008|82009|82010	14550	0	32|32|32|32|32|32|32|32|32|32|1032|1032|1032|1032|1032|1032|1032|1032|1032|1032|2032|2032|2032|2032|2032|2032|2032|2032|2032|2032
33	80001|80002|80003|80004|80005|80006|80007|80008|80009|80010|81001|81002|81003|81004|81005|81006|81007|81008|81009|81010|82001|82002|82003|82004|82005|82006|82007|82008|82009|82010	14980	0	33|33|33|33|33|33|33|33|33|33|1033|1033|1033|1033|1033|1033|1033|1033|1033|1033|2033|2033|2033|2033|2033|2033|2033|2033|2033|2033
34	80001|80002|80003|80004|80005|80006|80007|80008|80009|80010|81001|81002|81003|81004|81005|81006|81007|81008|81009|81010|82001|82002|82003|82004|82005|82006|82007|82008|82009|82010	15410	0	34|34|34|34|34|34|34|34|34|34|1034|1034|1034|1034|1034|1034|1034|1034|1034|1034|2034|2034|2034|2034|2034|2034|2034|2034|2034|2034
35	80001|80002|80003|80004|80005|80006|80007|80008|80009|80010|81001|81002|81003|81004|81005|81006|81007|81008|81009|81010|82001|82002|82003|82004|82005|82006|82007|82008|82009|82010	16070	0	35|35|35|35|35|35|35|35|35|35|1035|1035|1035|1035|1035|1035|1035|1035|1035|1035|2035|2035|2035|2035|2035|2035|2035|2035|2035|2035
36	80001|80002|80003|80004|80005|80006|80007|80008|80009|80010|81001|81002|81003|81004|81005|81006|81007|81008|81009|81010|82001|82002|82003|82004|82005|82006|82007|82008|82009|82010	16450	0	36|36|36|36|36|36|36|36|36|36|1036|1036|1036|1036|1036|1036|1036|1036|1036|1036|2036|2036|2036|2036|2036|2036|2036|2036|2036|2036
37	80001|80002|80003|80004|80005|80006|80007|80008|80009|80010|81001|81002|81003|81004|81005|81006|81007|81008|81009|81010|82001|82002|82003|82004|82005|82006|82007|82008|82009|82010	16830	0	37|37|37|37|37|37|37|37|37|37|1037|1037|1037|1037|1037|1037|1037|1037|1037|1037|2037|2037|2037|2037|2037|2037|2037|2037|2037|2037
38	80001|80002|80003|80004|80005|80006|80007|80008|80009|80010|81001|81002|81003|81004|81005|81006|81007|81008|81009|81010|82001|82002|82003|82004|82005|82006|82007|82008|82009|82010	17220	0	38|38|38|38|38|38|38|38|38|38|1038|1038|1038|1038|1038|1038|1038|1038|1038|1038|2038|2038|2038|2038|2038|2038|2038|2038|2038|2038
39	80001|80002|80003|80004|80005|80006|80007|80008|80009|80010|81001|81002|81003|81004|81005|81006|81007|81008|81009|81010|82001|82002|82003|82004|82005|82006|82007|82008|82009|82010	17600	0	39|39|39|39|39|39|39|39|39|39|1039|1039|1039|1039|1039|1039|1039|1039|1039|1039|2039|2039|2039|2039|2039|2039|2039|2039|2039|2039
40	80001|80002|80003|80004|80005|80006|80007|80008|80009|80010|81001|81002|81003|81004|81005|81006|81007|81008|81009|81010|82001|82002|82003|82004|82005|82006|82007|82008|82009|82010	18140	0	40|40|40|40|40|40|40|40|40|40|1040|1040|1040|1040|1040|1040|1040|1040|1040|1040|2040|2040|2040|2040|2040|2040|2040|2040|2040|2040
41	80001|80002|80003|80004|80005|80006|80007|80008|80009|80010|81001|81002|81003|81004|81005|81006|81007|81008|81009|81010|82001|82002|82003|82004|82005|82006|82007|82008|82009|82010	18650	0	41|41|41|41|41|41|41|41|41|41|1041|1041|1041|1041|1041|1041|1041|1041|1041|1041|2041|2041|2041|2041|2041|2041|2041|2041|2041|2041
42	80001|80002|80003|80004|80005|80006|80007|80008|80009|80010|81001|81002|81003|81004|81005|81006|81007|81008|81009|81010|82001|82002|82003|82004|82005|82006|82007|82008|82009|82010	19150	0	42|42|42|42|42|42|42|42|42|42|1042|1042|1042|1042|1042|1042|1042|1042|1042|1042|2042|2042|2042|2042|2042|2042|2042|2042|2042|2042
43	80001|80002|80003|80004|80005|80006|80007|80008|80009|80010|81001|81002|81003|81004|81005|81006|81007|81008|81009|81010|82001|82002|82003|82004|82005|82006|82007|82008|82009|82010	19660	0	43|43|43|43|43|43|43|43|43|43|1043|1043|1043|1043|1043|1043|1043|1043|1043|1043|2043|2043|2043|2043|2043|2043|2043|2043|2043|2043
44	80001|80002|80003|80004|80005|80006|80007|80008|80009|80010|81001|81002|81003|81004|81005|81006|81007|81008|81009|81010|82001|82002|82003|82004|82005|82006|82007|82008|82009|82010	20170	0	44|44|44|44|44|44|44|44|44|44|1044|1044|1044|1044|1044|1044|1044|1044|1044|1044|2044|2044|2044|2044|2044|2044|2044|2044|2044|2044
45	80001|80002|80003|80004|80005|80006|80007|80008|80009|80010|81001|81002|81003|81004|81005|81006|81007|81008|81009|81010|82001|82002|82003|82004|82005|82006|82007|82008|82009|82010	20670	0	45|45|45|45|45|45|45|45|45|45|1045|1045|1045|1045|1045|1045|1045|1045|1045|1045|2045|2045|2045|2045|2045|2045|2045|2045|2045|2045
46	80001|80002|80003|80004|80005|80006|80007|80008|80009|80010|81001|81002|81003|81004|81005|81006|81007|81008|81009|81010|82001|82002|82003|82004|82005|82006|82007|82008|82009|82010	21100	0	46|46|46|46|46|46|46|46|46|46|1046|1046|1046|1046|1046|1046|1046|1046|1046|1046|2046|2046|2046|2046|2046|2046|2046|2046|2046|2046
47	80001|80002|80003|80004|80005|80006|80007|80008|80009|80010|81001|81002|81003|81004|81005|81006|81007|81008|81009|81010|82001|82002|82003|82004|82005|82006|82007|82008|82009|82010	21380	0	47|47|47|47|47|47|47|47|47|47|1047|1047|1047|1047|1047|1047|1047|1047|1047|1047|2047|2047|2047|2047|2047|2047|2047|2047|2047|2047
48	80001|80002|80003|80004|80005|80006|80007|80008|80009|80010|81001|81002|81003|81004|81005|81006|81007|81008|81009|81010|82001|82002|82003|82004|82005|82006|82007|82008|82009|82010	21890	0	48|48|48|48|48|48|48|48|48|48|1048|1048|1048|1048|1048|1048|1048|1048|1048|1048|2048|2048|2048|2048|2048|2048|2048|2048|2048|2048
49	80001|80002|80003|80004|80005|80006|80007|80008|80009|80010|81001|81002|81003|81004|81005|81006|81007|81008|81009|81010|82001|82002|82003|82004|82005|82006|82007|82008|82009|82010	22390	0	49|49|49|49|49|49|49|49|49|49|1049|1049|1049|1049|1049|1049|1049|1049|1049|1049|2049|2049|2049|2049|2049|2049|2049|2049|2049|2049
50	80001|80002|80003|80004|80005|80006|80007|80008|80009|80010|81001|81002|81003|81004|81005|81006|81007|81008|81009|81010|82001|82002|82003|82004|82005|82006|82007|82008|82009|82010	22900	0	50|50|50|50|50|50|50|50|50|50|1050|1050|1050|1050|1050|1050|1050|1050|1050|1050|2050|2050|2050|2050|2050|2050|2050|2050|2050|2050
51	80001|80002|80003|80004|80005|80006|80007|80008|80009|80010|81001|81002|81003|81004|81005|81006|81007|81008|81009|81010|82001|82002|82003|82004|82005|82006|82007|82008|82009|82010	23410	0	51|51|51|51|51|51|51|51|51|51|1051|1051|1051|1051|1051|1051|1051|1051|1051|1051|2051|2051|2051|2051|2051|2051|2051|2051|2051|2051
52	80001|80002|80003|80004|80005|80006|80007|80008|80009|80010|81001|81002|81003|81004|81005|81006|81007|81008|81009|81010|82001|82002|82003|82004|82005|82006|82007|82008|82009|82010	23870	0	52|52|52|52|52|52|52|52|52|52|1052|1052|1052|1052|1052|1052|1052|1052|1052|1052|2052|2052|2052|2052|2052|2052|2052|2052|2052|2052
53	80001|80002|80003|80004|80005|80006|80007|80008|80009|80010|81001|81002|81003|81004|81005|81006|81007|81008|81009|81010|82001|82002|82003|82004|82005|82006|82007|82008|82009|82010	24330	0	53|53|53|53|53|53|53|53|53|53|1053|1053|1053|1053|1053|1053|1053|1053|1053|1053|2053|2053|2053|2053|2053|2053|2053|2053|2053|2053
54	80001|80002|80003|80004|80005|80006|80007|80008|80009|80010|81001|81002|81003|81004|81005|81006|81007|81008|81009|81010|82001|82002|82003|82004|82005|82006|82007|82008|82009|82010	24790	0	54|54|54|54|54|54|54|54|54|54|1054|1054|1054|1054|1054|1054|1054|1054|1054|1054|2054|2054|2054|2054|2054|2054|2054|2054|2054|2054
55	80001|80002|80003|80004|80005|80006|80007|80008|80009|80010|81001|81002|81003|81004|81005|81006|81007|81008|81009|81010|82001|82002|82003|82004|82005|82006|82007|82008|82009|82010	25250	0	55|55|55|55|55|55|55|55|55|55|1055|1055|1055|1055|1055|1055|1055|1055|1055|1055|2055|2055|2055|2055|2055|2055|2055|2055|2055|2055
56	80001|80002|80003|80004|80005|80006|80007|80008|80009|80010|81001|81002|81003|81004|81005|81006|81007|81008|81009|81010|82001|82002|82003|82004|82005|82006|82007|82008|82009|82010	25710	0	56|56|56|56|56|56|56|56|56|56|1056|1056|1056|1056|1056|1056|1056|1056|1056|1056|2056|2056|2056|2056|2056|2056|2056|2056|2056|2056
57	80001|80002|80003|80004|80005|80006|80007|80008|80009|80010|81001|81002|81003|81004|81005|81006|81007|81008|81009|81010|82001|82002|82003|82004|82005|82006|82007|82008|82009|82010	26170	0	57|57|57|57|57|57|57|57|57|57|1057|1057|1057|1057|1057|1057|1057|1057|1057|1057|2057|2057|2057|2057|2057|2057|2057|2057|2057|2057
58	80001|80002|80003|80004|80005|80006|80007|80008|80009|80010|81001|81002|81003|81004|81005|81006|81007|81008|81009|81010|82001|82002|82003|82004|82005|82006|82007|82008|82009|82010	26630	0	58|58|58|58|58|58|58|58|58|58|1058|1058|1058|1058|1058|1058|1058|1058|1058|1058|2058|2058|2058|2058|2058|2058|2058|2058|2058|2058
59	80001|80002|80003|80004|80005|80006|80007|80008|80009|80010|81001|81002|81003|81004|81005|81006|81007|81008|81009|81010|82001|82002|82003|82004|82005|82006|82007|82008|82009|82010	26990	0	59|59|59|59|59|59|59|59|59|59|1059|1059|1059|1059|1059|1059|1059|1059|1059|1059|2059|2059|2059|2059|2059|2059|2059|2059|2059|2059
60	80001|80002|80003|80004|80005|80006|80007|80008|80009|80010|81001|81002|81003|81004|81005|81006|81007|81008|81009|81010|82001|82002|82003|82004|82005|82006|82007|82008|82009|82010	27260	0	60|60|60|60|60|60|60|60|60|60|1060|1060|1060|1060|1060|1060|1060|1060|1060|1060|2060|2060|2060|2060|2060|2060|2060|2060|2060|2060
61	80001|80002|80003|80004|80005|80006|80007|80008|80009|80010|81001|81002|81003|81004|81005|81006|81007|81008|81009|81010|82001|82002|82003|82004|82005|82006|82007|82008|82009|82010	27840	0	61|61|61|61|61|61|61|61|61|61|1061|1061|1061|1061|1061|1061|1061|1061|1061|1061|2061|2061|2061|2061|2061|2061|2061|2061|2061|2061
62	80001|80002|80003|80004|80005|80006|80007|80008|80009|80010|81001|81002|81003|81004|81005|81006|81007|81008|81009|81010|82001|82002|82003|82004|82005|82006|82007|82008|82009|82010	28430	0	62|62|62|62|62|62|62|62|62|62|1062|1062|1062|1062|1062|1062|1062|1062|1062|1062|2062|2062|2062|2062|2062|2062|2062|2062|2062|2062
63	80001|80002|80003|80004|80005|80006|80007|80008|80009|80010|81001|81002|81003|81004|81005|81006|81007|81008|81009|81010|82001|82002|82003|82004|82005|82006|82007|82008|82009|82010	29010	0	63|63|63|63|63|63|63|63|63|63|1063|1063|1063|1063|1063|1063|1063|1063|1063|1063|2063|2063|2063|2063|2063|2063|2063|2063|2063|2063
64	80001|80002|80003|80004|80005|80006|80007|80008|80009|80010|81001|81002|81003|81004|81005|81006|81007|81008|81009|81010|82001|82002|82003|82004|82005|82006|82007|82008|82009|82010	29600	0	64|64|64|64|64|64|64|64|64|64|1064|1064|1064|1064|1064|1064|1064|1064|1064|1064|2064|2064|2064|2064|2064|2064|2064|2064|2064|2064
65	80001|80002|80003|80004|80005|80006|80007|80008|80009|80010|81001|81002|81003|81004|81005|81006|81007|81008|81009|81010|82001|82002|82003|82004|82005|82006|82007|82008|82009|82010	30180	0	65|65|65|65|65|65|65|65|65|65|1065|1065|1065|1065|1065|1065|1065|1065|1065|1065|2065|2065|2065|2065|2065|2065|2065|2065|2065|2065
66	80001|80002|80003|80004|80005|80006|80007|80008|80009|80010|81001|81002|81003|81004|81005|81006|81007|81008|81009|81010|82001|82002|82003|82004|82005|82006|82007|82008|82009|82010	30760	0	66|66|66|66|66|66|66|66|66|66|1066|1066|1066|1066|1066|1066|1066|1066|1066|1066|2066|2066|2066|2066|2066|2066|2066|2066|2066|2066
67	80001|80002|80003|80004|80005|80006|80007|80008|80009|80010|81001|81002|81003|81004|81005|81006|81007|81008|81009|81010|82001|82002|82003|82004|82005|82006|82007|82008|82009|82010	31350	0	67|67|67|67|67|67|67|67|67|67|1067|1067|1067|1067|1067|1067|1067|1067|1067|1067|2067|2067|2067|2067|2067|2067|2067|2067|2067|2067
68	80001|80002|80003|80004|80005|80006|80007|80008|80009|80010|81001|81002|81003|81004|81005|81006|81007|81008|81009|81010|82001|82002|82003|82004|82005|82006|82007|82008|82009|82010	31930	0	68|68|68|68|68|68|68|68|68|68|1068|1068|1068|1068|1068|1068|1068|1068|1068|1068|2068|2068|2068|2068|2068|2068|2068|2068|2068|2068
69	80001|80002|80003|80004|80005|80006|80007|80008|80009|80010|81001|81002|81003|81004|81005|81006|81007|81008|81009|81010|82001|82002|82003|82004|82005|82006|82007|82008|82009|82010	32590	0	69|69|69|69|69|69|69|69|69|69|1069|1069|1069|1069|1069|1069|1069|1069|1069|1069|2069|2069|2069|2069|2069|2069|2069|2069|2069|2069
70	80001|80002|80003|80004|80005|80006|80007|80008|80009|80010|81001|81002|81003|81004|81005|81006|81007|81008|81009|81010|82001|82002|82003|82004|82005|82006|82007|82008|82009|82010	33130	0	70|70|70|70|70|70|70|70|70|70|1070|1070|1070|1070|1070|1070|1070|1070|1070|1070|2070|2070|2070|2070|2070|2070|2070|2070|2070|2070
71	80001|80002|80003|80004|80005|80006|80007|80008|80009|80010|81001|81002|81003|81004|81005|81006|81007|81008|81009|81010|82001|82002|82003|82004|82005|82006|82007|82008|82009|82010	33670	0	71|71|71|71|71|71|71|71|71|71|1071|1071|1071|1071|1071|1071|1071|1071|1071|1071|2071|2071|2071|2071|2071|2071|2071|2071|2071|2071
72	80001|80002|80003|80004|80005|80006|80007|80008|80009|80010|81001|81002|81003|81004|81005|81006|81007|81008|81009|81010|82001|82002|82003|82004|82005|82006|82007|82008|82009|82010	34200	0	72|72|72|72|72|72|72|72|72|72|1072|1072|1072|1072|1072|1072|1072|1072|1072|1072|2072|2072|2072|2072|2072|2072|2072|2072|2072|2072
73	80001|80002|80003|80004|80005|80006|80007|80008|80009|80010|81001|81002|81003|81004|81005|81006|81007|81008|81009|81010|82001|82002|82003|82004|82005|82006|82007|82008|82009|82010	34740	0	73|73|73|73|73|73|73|73|73|73|1073|1073|1073|1073|1073|1073|1073|1073|1073|1073|2073|2073|2073|2073|2073|2073|2073|2073|2073|2073
74	80001|80002|80003|80004|80005|80006|80007|80008|80009|80010|81001|81002|81003|81004|81005|81006|81007|81008|81009|81010|82001|82002|82003|82004|82005|82006|82007|82008|82009|82010	35280	0	74|74|74|74|74|74|74|74|74|74|1074|1074|1074|1074|1074|1074|1074|1074|1074|1074|2074|2074|2074|2074|2074|2074|2074|2074|2074|2074
75	80001|80002|80003|80004|80005|80006|80007|80008|80009|80010|81001|81002|81003|81004|81005|81006|81007|81008|81009|81010|82001|82002|82003|82004|82005|82006|82007|82008|82009|82010	35820	0	75|75|75|75|75|75|75|75|75|75|1075|1075|1075|1075|1075|1075|1075|1075|1075|1075|2075|2075|2075|2075|2075|2075|2075|2075|2075|2075
76	80001|80002|80003|80004|80005|80006|80007|80008|80009|80010|81001|81002|81003|81004|81005|81006|81007|81008|81009|81010|82001|82002|82003|82004|82005|82006|82007|82008|82009|82010	36350	0	76|76|76|76|76|76|76|76|76|76|1076|1076|1076|1076|1076|1076|1076|1076|1076|1076|2076|2076|2076|2076|2076|2076|2076|2076|2076|2076
77	80001|80002|80003|80004|80005|80006|80007|80008|80009|80010|81001|81002|81003|81004|81005|81006|81007|81008|81009|81010|82001|82002|82003|82004|82005|82006|82007|82008|82009|82010	37010	0	77|77|77|77|77|77|77|77|77|77|1077|1077|1077|1077|1077|1077|1077|1077|1077|1077|2077|2077|2077|2077|2077|2077|2077|2077|2077|2077
78	80001|80002|80003|80004|80005|80006|80007|80008|80009|80010|81001|81002|81003|81004|81005|81006|81007|81008|81009|81010|82001|82002|82003|82004|82005|82006|82007|82008|82009|82010	37410	0	78|78|78|78|78|78|78|78|78|78|1078|1078|1078|1078|1078|1078|1078|1078|1078|1078|2078|2078|2078|2078|2078|2078|2078|2078|2078|2078
79	80001|80002|80003|80004|80005|80006|80007|80008|80009|80010|81001|81002|81003|81004|81005|81006|81007|81008|81009|81010|82001|82002|82003|82004|82005|82006|82007|82008|82009|82010	38070	0	79|79|79|79|79|79|79|79|79|79|1079|1079|1079|1079|1079|1079|1079|1079|1079|1079|2079|2079|2079|2079|2079|2079|2079|2079|2079|2079
80	80001|80002|80003|80004|80005|80006|80007|80008|80009|80010|81001|81002|81003|81004|81005|81006|81007|81008|81009|81010|82001|82002|82003|82004|82005|82006|82007|82008|82009|82010	38730	0	80|80|80|80|80|80|80|80|80|80|1080|1080|1080|1080|1080|1080|1080|1080|1080|1080|2080|2080|2080|2080|2080|2080|2080|2080|2080|2080
81	80001|80002|80003|80004|80005|80006|80007|80008|80009|80010|81001|81002|81003|81004|81005|81006|81007|81008|81009|81010|82001|82002|82003|82004|82005|82006|82007|82008|82009|82010	39390	0	81|81|81|81|81|81|81|81|81|81|1081|1081|1081|1081|1081|1081|1081|1081|1081|1081|2081|2081|2081|2081|2081|2081|2081|2081|2081|2081
82	80001|80002|80003|80004|80005|80006|80007|80008|80009|80010|81001|81002|81003|81004|81005|81006|81007|81008|81009|81010|82001|82002|82003|82004|82005|82006|82007|82008|82009|82010	40050	0	82|82|82|82|82|82|82|82|82|82|1082|1082|1082|1082|1082|1082|1082|1082|1082|1082|2082|2082|2082|2082|2082|2082|2082|2082|2082|2082
83	80001|80002|80003|80004|80005|80006|80007|80008|80009|80010|81001|81002|81003|81004|81005|81006|81007|81008|81009|81010|82001|82002|82003|82004|82005|82006|82007|82008|82009|82010	40710	0	83|83|83|83|83|83|83|83|83|83|1083|1083|1083|1083|1083|1083|1083|1083|1083|1083|2083|2083|2083|2083|2083|2083|2083|2083|2083|2083
84	80001|80002|80003|80004|80005|80006|80007|80008|80009|80010|81001|81002|81003|81004|81005|81006|81007|81008|81009|81010|82001|82002|82003|82004|82005|82006|82007|82008|82009|82010	41110	0	84|84|84|84|84|84|84|84|84|84|1084|1084|1084|1084|1084|1084|1084|1084|1084|1084|2084|2084|2084|2084|2084|2084|2084|2084|2084|2084
85	80001|80002|80003|80004|80005|80006|80007|80008|80009|80010|81001|81002|81003|81004|81005|81006|81007|81008|81009|81010|82001|82002|82003|82004|82005|82006|82007|82008|82009|82010	41770	0	85|85|85|85|85|85|85|85|85|85|1085|1085|1085|1085|1085|1085|1085|1085|1085|1085|2085|2085|2085|2085|2085|2085|2085|2085|2085|2085
86	80001|80002|80003|80004|80005|80006|80007|80008|80009|80010|81001|81002|81003|81004|81005|81006|81007|81008|81009|81010|82001|82002|82003|82004|82005|82006|82007|82008|82009|82010	42430	0	86|86|86|86|86|86|86|86|86|86|1086|1086|1086|1086|1086|1086|1086|1086|1086|1086|2086|2086|2086|2086|2086|2086|2086|2086|2086|2086
87	80001|80002|80003|80004|80005|80006|80007|80008|80009|80010|81001|81002|81003|81004|81005|81006|81007|81008|81009|81010|82001|82002|82003|82004|82005|82006|82007|82008|82009|82010	43090	0	87|87|87|87|87|87|87|87|87|87|1087|1087|1087|1087|1087|1087|1087|1087|1087|1087|2087|2087|2087|2087|2087|2087|2087|2087|2087|2087
88	80001|80002|80003|80004|80005|80006|80007|80008|80009|80010|81001|81002|81003|81004|81005|81006|81007|81008|81009|81010|82001|82002|82003|82004|82005|82006|82007|82008|82009|82010	43750	0	88|88|88|88|88|88|88|88|88|88|1088|1088|1088|1088|1088|1088|1088|1088|1088|1088|2088|2088|2088|2088|2088|2088|2088|2088|2088|2088
89	80001|80002|80003|80004|80005|80006|80007|80008|80009|80010|81001|81002|81003|81004|81005|81006|81007|81008|81009|81010|82001|82002|82003|82004|82005|82006|82007|82008|82009|82010	44150	0	89|89|89|89|89|89|89|89|89|89|1089|1089|1089|1089|1089|1089|1089|1089|1089|1089|2089|2089|2089|2089|2089|2089|2089|2089|2089|2089
90	80001|80002|80003|80004|80005|80006|80007|80008|80009|80010|81001|81002|81003|81004|81005|81006|81007|81008|81009|81010|82001|82002|82003|82004|82005|82006|82007|82008|82009|82010	44730	0	90|90|90|90|90|90|90|90|90|90|1090|1090|1090|1090|1090|1090|1090|1090|1090|1090|2090|2090|2090|2090|2090|2090|2090|2090|2090|2090
91	80001|80002|80003|80004|80005|80006|80007|80008|80009|80010|81001|81002|81003|81004|81005|81006|81007|81008|81009|81010|82001|82002|82003|82004|82005|82006|82007|82008|82009|82010	45310	0	91|91|91|91|91|91|91|91|91|91|1091|1091|1091|1091|1091|1091|1091|1091|1091|1091|2091|2091|2091|2091|2091|2091|2091|2091|2091|2091
92	80001|80002|80003|80004|80005|80006|80007|80008|80009|80010|81001|81002|81003|81004|81005|81006|81007|81008|81009|81010|82001|82002|82003|82004|82005|82006|82007|82008|82009|82010	45900	0	92|92|92|92|92|92|92|92|92|92|1092|1092|1092|1092|1092|1092|1092|1092|1092|1092|2092|2092|2092|2092|2092|2092|2092|2092|2092|2092
93	80001|80002|80003|80004|80005|80006|80007|80008|80009|80010|81001|81002|81003|81004|81005|81006|81007|81008|81009|81010|82001|82002|82003|82004|82005|82006|82007|82008|82009|82010	46480	0	93|93|93|93|93|93|93|93|93|93|1093|1093|1093|1093|1093|1093|1093|1093|1093|1093|2093|2093|2093|2093|2093|2093|2093|2093|2093|2093
94	80001|80002|80003|80004|80005|80006|80007|80008|80009|80010|81001|81002|81003|81004|81005|81006|81007|81008|81009|81010|82001|82002|82003|82004|82005|82006|82007|82008|82009|82010	47060	0	94|94|94|94|94|94|94|94|94|94|1094|1094|1094|1094|1094|1094|1094|1094|1094|1094|2094|2094|2094|2094|2094|2094|2094|2094|2094|2094
95	80001|80002|80003|80004|80005|80006|80007|80008|80009|80010|81001|81002|81003|81004|81005|81006|81007|81008|81009|81010|82001|82002|82003|82004|82005|82006|82007|82008|82009|82010	47650	0	95|95|95|95|95|95|95|95|95|95|1095|1095|1095|1095|1095|1095|1095|1095|1095|1095|2095|2095|2095|2095|2095|2095|2095|2095|2095|2095
96	80001|80002|80003|80004|80005|80006|80007|80008|80009|80010|81001|81002|81003|81004|81005|81006|81007|81008|81009|81010|82001|82002|82003|82004|82005|82006|82007|82008|82009|82010	48230	0	96|96|96|96|96|96|96|96|96|96|1096|1096|1096|1096|1096|1096|1096|1096|1096|1096|2096|2096|2096|2096|2096|2096|2096|2096|2096|2096
97	80001|80002|80003|80004|80005|80006|80007|80008|80009|80010|81001|81002|81003|81004|81005|81006|81007|81008|81009|81010|82001|82002|82003|82004|82005|82006|82007|82008|82009|82010	48820	0	97|97|97|97|97|97|97|97|97|97|1097|1097|1097|1097|1097|1097|1097|1097|1097|1097|2097|2097|2097|2097|2097|2097|2097|2097|2097|2097
98	80001|80002|80003|80004|80005|80006|80007|80008|80009|80010|81001|81002|81003|81004|81005|81006|81007|81008|81009|81010|82001|82002|82003|82004|82005|82006|82007|82008|82009|82010	49400	0	98|98|98|98|98|98|98|98|98|98|1098|1098|1098|1098|1098|1098|1098|1098|1098|1098|2098|2098|2098|2098|2098|2098|2098|2098|2098|2098
99	80001|80002|80003|80004|80005|80006|80007|80008|80009|80010|81001|81002|81003|81004|81005|81006|81007|81008|81009|81010|82001|82002|82003|82004|82005|82006|82007|82008|82009|82010	49980	0	99|99|99|99|99|99|99|99|99|99|1099|1099|1099|1099|1099|1099|1099|1099|1099|1099|2099|2099|2099|2099|2099|2099|2099|2099|2099|2099
100	80001|80002|80003|80004|80005|80006|80007|80008|80009|80010|81001|81002|81003|81004|81005|81006|81007|81008|81009|81010|82001|82002|82003|82004|82005|82006|82007|82008|82009|82010	50570	0	100|100|100|100|100|100|100|100|100|100|1100|1100|1100|1100|1100|1100|1100|1100|1100|1100|2100|2100|2100|2100|2100|2100|2100|2100|2100|2100
101	80001|80002|80003|80004|80005|80006|80007|80008|80009|80010|81001|81002|81003|81004|81005|81006|81007|81008|81009|81010|82001|82002|82003|82004|82005|82006|82007|82008|82009|82010	51150	0	101|101|101|101|101|101|101|101|101|101|1101|1101|1101|1101|1101|1101|1101|1101|1101|1101|2101|2101|2101|2101|2101|2101|2101|2101|2101|2101
102	80001|80002|80003|80004|80005|80006|80007|80008|80009|80010|81001|81002|81003|81004|81005|81006|81007|81008|81009|81010|82001|82002|82003|82004|82005|82006|82007|82008|82009|82010	51730	0	102|102|102|102|102|102|102|102|102|102|1102|1102|1102|1102|1102|1102|1102|1102|1102|1102|2102|2102|2102|2102|2102|2102|2102|2102|2102|2102
103	80001|80002|80003|80004|80005|80006|80007|80008|80009|80010|81001|81002|81003|81004|81005|81006|81007|81008|81009|81010|82001|82002|82003|82004|82005|82006|82007|82008|82009|82010	52320	0	103|103|103|103|103|103|103|103|103|103|1103|1103|1103|1103|1103|1103|1103|1103|1103|1103|2103|2103|2103|2103|2103|2103|2103|2103|2103|2103
104	80001|80002|80003|80004|80005|80006|80007|80008|80009|80010|81001|81002|81003|81004|81005|81006|81007|81008|81009|81010|82001|82002|82003|82004|82005|82006|82007|82008|82009|82010	52900	0	104|104|104|104|104|104|104|104|104|104|1104|1104|1104|1104|1104|1104|1104|1104|1104|1104|2104|2104|2104|2104|2104|2104|2104|2104|2104|2104
105	80001|80002|80003|80004|80005|80006|80007|80008|80009|80010|81001|81002|81003|81004|81005|81006|81007|81008|81009|81010|82001|82002|82003|82004|82005|82006|82007|82008|82009|82010	53490	0	105|105|105|105|105|105|105|105|105|105|1105|1105|1105|1105|1105|1105|1105|1105|1105|1105|2105|2105|2105|2105|2105|2105|2105|2105|2105|2105
106	80001|80002|80003|80004|80005|80006|80007|80008|80009|80010|81001|81002|81003|81004|81005|81006|81007|81008|81009|81010|82001|82002|82003|82004|82005|82006|82007|82008|82009|82010	54070	0	106|106|106|106|106|106|106|106|106|106|1106|1106|1106|1106|1106|1106|1106|1106|1106|1106|2106|2106|2106|2106|2106|2106|2106|2106|2106|2106
107	80001|80002|80003|80004|80005|80006|80007|80008|80009|80010|81001|81002|81003|81004|81005|81006|81007|81008|81009|81010|82001|82002|82003|82004|82005|82006|82007|82008|82009|82010	54650	0	107|107|107|107|107|107|107|107|107|107|1107|1107|1107|1107|1107|1107|1107|1107|1107|1107|2107|2107|2107|2107|2107|2107|2107|2107|2107|2107
108	80001|80002|80003|80004|80005|80006|80007|80008|80009|80010|81001|81002|81003|81004|81005|81006|81007|81008|81009|81010|82001|82002|82003|82004|82005|82006|82007|82008|82009|82010	55240	0	108|108|108|108|108|108|108|108|108|108|1108|1108|1108|1108|1108|1108|1108|1108|1108|1108|2108|2108|2108|2108|2108|2108|2108|2108|2108|2108
109	80001|80002|80003|80004|80005|80006|80007|80008|80009|80010|81001|81002|81003|81004|81005|81006|81007|81008|81009|81010|82001|82002|82003|82004|82005|82006|82007|82008|82009|82010	55820	0	109|109|109|109|109|109|109|109|109|109|1109|1109|1109|1109|1109|1109|1109|1109|1109|1109|2109|2109|2109|2109|2109|2109|2109|2109|2109|2109
110	80001|80002|80003|80004|80005|80006|80007|80008|80009|80010|81001|81002|81003|81004|81005|81006|81007|81008|81009|81010|82001|82002|82003|82004|82005|82006|82007|82008|82009|82010	56400	0	110|110|110|110|110|110|110|110|110|110|1110|1110|1110|1110|1110|1110|1110|1110|1110|1110|2110|2110|2110|2110|2110|2110|2110|2110|2110|2110
111	80001|80002|80003|80004|80005|80006|80007|80008|80009|80010|81001|81002|81003|81004|81005|81006|81007|81008|81009|81010|82001|82002|82003|82004|82005|82006|82007|82008|82009|82010	56990	0	111|111|111|111|111|111|111|111|111|111|1111|1111|1111|1111|1111|1111|1111|1111|1111|1111|2111|2111|2111|2111|2111|2111|2111|2111|2111|2111
112	80001|80002|80003|80004|80005|80006|80007|80008|80009|80010|81001|81002|81003|81004|81005|81006|81007|81008|81009|81010|82001|82002|82003|82004|82005|82006|82007|82008|82009|82010	57570	0	112|112|112|112|112|112|112|112|112|112|1112|1112|1112|1112|1112|1112|1112|1112|1112|1112|2112|2112|2112|2112|2112|2112|2112|2112|2112|2112
113	80001|80002|80003|80004|80005|80006|80007|80008|80009|80010|81001|81002|81003|81004|81005|81006|81007|81008|81009|81010|82001|82002|82003|82004|82005|82006|82007|82008|82009|82010	58150	0	113|113|113|113|113|113|113|113|113|113|1113|1113|1113|1113|1113|1113|1113|1113|1113|1113|2113|2113|2113|2113|2113|2113|2113|2113|2113|2113
114	80001|80002|80003|80004|80005|80006|80007|80008|80009|80010|81001|81002|81003|81004|81005|81006|81007|81008|81009|81010|82001|82002|82003|82004|82005|82006|82007|82008|82009|82010	58740	0	114|114|114|114|114|114|114|114|114|114|1114|1114|1114|1114|1114|1114|1114|1114|1114|1114|2114|2114|2114|2114|2114|2114|2114|2114|2114|2114
115	80001|80002|80003|80004|80005|80006|80007|80008|80009|80010|81001|81002|81003|81004|81005|81006|81007|81008|81009|81010|82001|82002|82003|82004|82005|82006|82007|82008|82009|82010	59320	0	115|115|115|115|115|115|115|115|115|115|1115|1115|1115|1115|1115|1115|1115|1115|1115|1115|2115|2115|2115|2115|2115|2115|2115|2115|2115|2115
116	80001|80002|80003|80004|80005|80006|80007|80008|80009|80010|81001|81002|81003|81004|81005|81006|81007|81008|81009|81010|82001|82002|82003|82004|82005|82006|82007|82008|82009|82010	59910	0	116|116|116|116|116|116|116|116|116|116|1116|1116|1116|1116|1116|1116|1116|1116|1116|1116|2116|2116|2116|2116|2116|2116|2116|2116|2116|2116
117	80001|80002|80003|80004|80005|80006|80007|80008|80009|80010|81001|81002|81003|81004|81005|81006|81007|81008|81009|81010|82001|82002|82003|82004|82005|82006|82007|82008|82009|82010	60490	0	117|117|117|117|117|117|117|117|117|117|1117|1117|1117|1117|1117|1117|1117|1117|1117|1117|2117|2117|2117|2117|2117|2117|2117|2117|2117|2117
118	80001|80002|80003|80004|80005|80006|80007|80008|80009|80010|81001|81002|81003|81004|81005|81006|81007|81008|81009|81010|82001|82002|82003|82004|82005|82006|82007|82008|82009|82010	61070	0	118|118|118|118|118|118|118|118|118|118|1118|1118|1118|1118|1118|1118|1118|1118|1118|1118|2118|2118|2118|2118|2118|2118|2118|2118|2118|2118
119	80001|80002|80003|80004|80005|80006|80007|80008|80009|80010|81001|81002|81003|81004|81005|81006|81007|81008|81009|81010|82001|82002|82003|82004|82005|82006|82007|82008|82009|82010	61660	0	119|119|119|119|119|119|119|119|119|119|1119|1119|1119|1119|1119|1119|1119|1119|1119|1119|2119|2119|2119|2119|2119|2119|2119|2119|2119|2119
120	80001|80002|80003|80004|80005|80006|80007|80008|80009|80010|81001|81002|81003|81004|81005|81006|81007|81008|81009|81010|82001|82002|82003|82004|82005|82006|82007|82008|82009|82010	62240	0	120|120|120|120|120|120|120|120|120|120|1120|1120|1120|1120|1120|1120|1120|1120|1120|1120|2120|2120|2120|2120|2120|2120|2120|2120|2120|2120
121	80001|80002|80003|80004|80005|80006|80007|80008|80009|80010|81001|81002|81003|81004|81005|81006|81007|81008|81009|81010|82001|82002|82003|82004|82005|82006|82007|82008|82009|82010	62820	0	121|121|121|121|121|121|121|121|121|121|1121|1121|1121|1121|1121|1121|1121|1121|1121|1121|2121|2121|2121|2121|2121|2121|2121|2121|2121|2121
122	80001|80002|80003|80004|80005|80006|80007|80008|80009|80010|81001|81002|81003|81004|81005|81006|81007|81008|81009|81010|82001|82002|82003|82004|82005|82006|82007|82008|82009|82010	63410	0	122|122|122|122|122|122|122|122|122|122|1122|1122|1122|1122|1122|1122|1122|1122|1122|1122|2122|2122|2122|2122|2122|2122|2122|2122|2122|2122
123	80001|80002|80003|80004|80005|80006|80007|80008|80009|80010|81001|81002|81003|81004|81005|81006|81007|81008|81009|81010|82001|82002|82003|82004|82005|82006|82007|82008|82009|82010	63990	0	123|123|123|123|123|123|123|123|123|123|1123|1123|1123|1123|1123|1123|1123|1123|1123|1123|2123|2123|2123|2123|2123|2123|2123|2123|2123|2123
124	80001|80002|80003|80004|80005|80006|80007|80008|80009|80010|81001|81002|81003|81004|81005|81006|81007|81008|81009|81010|82001|82002|82003|82004|82005|82006|82007|82008|82009|82010	64580	0	124|124|124|124|124|124|124|124|124|124|1124|1124|1124|1124|1124|1124|1124|1124|1124|1124|2124|2124|2124|2124|2124|2124|2124|2124|2124|2124
125	80001|80002|80003|80004|80005|80006|80007|80008|80009|80010|81001|81002|81003|81004|81005|81006|81007|81008|81009|81010|82001|82002|82003|82004|82005|82006|82007|82008|82009|82010	65160	0	125|125|125|125|125|125|125|125|125|125|1125|1125|1125|1125|1125|1125|1125|1125|1125|1125|2125|2125|2125|2125|2125|2125|2125|2125|2125|2125
126	80001|80002|80003|80004|80005|80006|80007|80008|80009|80010|81001|81002|81003|81004|81005|81006|81007|81008|81009|81010|82001|82002|82003|82004|82005|82006|82007|82008|82009|82010	65740	0	126|126|126|126|126|126|126|126|126|126|1126|1126|1126|1126|1126|1126|1126|1126|1126|1126|2126|2126|2126|2126|2126|2126|2126|2126|2126|2126
127	80001|80002|80003|80004|80005|80006|80007|80008|80009|80010|81001|81002|81003|81004|81005|81006|81007|81008|81009|81010|82001|82002|82003|82004|82005|82006|82007|82008|82009|82010	66330	0	127|127|127|127|127|127|127|127|127|127|1127|1127|1127|1127|1127|1127|1127|1127|1127|1127|2127|2127|2127|2127|2127|2127|2127|2127|2127|2127
128	80001|80002|80003|80004|80005|80006|80007|80008|80009|80010|81001|81002|81003|81004|81005|81006|81007|81008|81009|81010|82001|82002|82003|82004|82005|82006|82007|82008|82009|82010	66910	0	128|128|128|128|128|128|128|128|128|128|1128|1128|1128|1128|1128|1128|1128|1128|1128|1128|2128|2128|2128|2128|2128|2128|2128|2128|2128|2128
129	80001|80002|80003|80004|80005|80006|80007|80008|80009|80010|81001|81002|81003|81004|81005|81006|81007|81008|81009|81010|82001|82002|82003|82004|82005|82006|82007|82008|82009|82010	67490	0	129|129|129|129|129|129|129|129|129|129|1129|1129|1129|1129|1129|1129|1129|1129|1129|1129|2129|2129|2129|2129|2129|2129|2129|2129|2129|2129
130	80001|80002|80003|80004|80005|80006|80007|80008|80009|80010|81001|81002|81003|81004|81005|81006|81007|81008|81009|81010|82001|82002|82003|82004|82005|82006|82007|82008|82009|82010	68080	0	130|130|130|130|130|130|130|130|130|130|1130|1130|1130|1130|1130|1130|1130|1130|1130|1130|2130|2130|2130|2130|2130|2130|2130|2130|2130|2130
131	80001|80002|80003|80004|80005|80006|80007|80008|80009|80010|81001|81002|81003|81004|81005|81006|81007|81008|81009|81010|82001|82002|82003|82004|82005|82006|82007|82008|82009|82010	68660	0	131|131|131|131|131|131|131|131|131|131|1131|1131|1131|1131|1131|1131|1131|1131|1131|1131|2131|2131|2131|2131|2131|2131|2131|2131|2131|2131
132	80001|80002|80003|80004|80005|80006|80007|80008|80009|80010|81001|81002|81003|81004|81005|81006|81007|81008|81009|81010|82001|82002|82003|82004|82005|82006|82007|82008|82009|82010	69240	0	132|132|132|132|132|132|132|132|132|132|1132|1132|1132|1132|1132|1132|1132|1132|1132|1132|2132|2132|2132|2132|2132|2132|2132|2132|2132|2132
133	80001|80002|80003|80004|80005|80006|80007|80008|80009|80010|81001|81002|81003|81004|81005|81006|81007|81008|81009|81010|82001|82002|82003|82004|82005|82006|82007|82008|82009|82010	69670	0	133|133|133|133|133|133|133|133|133|133|1133|1133|1133|1133|1133|1133|1133|1133|1133|1133|2133|2133|2133|2133|2133|2133|2133|2133|2133|2133
134	80001|80002|80003|80004|80005|80006|80007|80008|80009|80010|81001|81002|81003|81004|81005|81006|81007|81008|81009|81010|82001|82002|82003|82004|82005|82006|82007|82008|82009|82010	70100	0	134|134|134|134|134|134|134|134|134|134|1134|1134|1134|1134|1134|1134|1134|1134|1134|1134|2134|2134|2134|2134|2134|2134|2134|2134|2134|2134
135	80001|80002|80003|80004|80005|80006|80007|80008|80009|80010|81001|81002|81003|81004|81005|81006|81007|81008|81009|81010|82001|82002|82003|82004|82005|82006|82007|82008|82009|82010	70660	0	135|135|135|135|135|135|135|135|135|135|1135|1135|1135|1135|1135|1135|1135|1135|1135|1135|2135|2135|2135|2135|2135|2135|2135|2135|2135|2135
136	80001|80002|80003|80004|80005|80006|80007|80008|80009|80010|81001|81002|81003|81004|81005|81006|81007|81008|81009|81010|82001|82002|82003|82004|82005|82006|82007|82008|82009|82010	71210	0	136|136|136|136|136|136|136|136|136|136|1136|1136|1136|1136|1136|1136|1136|1136|1136|1136|2136|2136|2136|2136|2136|2136|2136|2136|2136|2136
137	80001|80002|80003|80004|80005|80006|80007|80008|80009|80010|81001|81002|81003|81004|81005|81006|81007|81008|81009|81010|82001|82002|82003|82004|82005|82006|82007|82008|82009|82010	71640	0	137|137|137|137|137|137|137|137|137|137|1137|1137|1137|1137|1137|1137|1137|1137|1137|1137|2137|2137|2137|2137|2137|2137|2137|2137|2137|2137
138	80001|80002|80003|80004|80005|80006|80007|80008|80009|80010|81001|81002|81003|81004|81005|81006|81007|81008|81009|81010|82001|82002|82003|82004|82005|82006|82007|82008|82009|82010	72070	0	138|138|138|138|138|138|138|138|138|138|1138|1138|1138|1138|1138|1138|1138|1138|1138|1138|2138|2138|2138|2138|2138|2138|2138|2138|2138|2138
139	80001|80002|80003|80004|80005|80006|80007|80008|80009|80010|81001|81002|81003|81004|81005|81006|81007|81008|81009|81010|82001|82002|82003|82004|82005|82006|82007|82008|82009|82010	72500	0	139|139|139|139|139|139|139|139|139|139|1139|1139|1139|1139|1139|1139|1139|1139|1139|1139|2139|2139|2139|2139|2139|2139|2139|2139|2139|2139
140	80001|80002|80003|80004|80005|80006|80007|80008|80009|80010|81001|81002|81003|81004|81005|81006|81007|81008|81009|81010|82001|82002|82003|82004|82005|82006|82007|82008|82009|82010	72930	0	140|140|140|140|140|140|140|140|140|140|1140|1140|1140|1140|1140|1140|1140|1140|1140|1140|2140|2140|2140|2140|2140|2140|2140|2140|2140|2140
141	80001|80002|80003|80004|80005|80006|80007|80008|80009|80010|81001|81002|81003|81004|81005|81006|81007|81008|81009|81010|82001|82002|82003|82004|82005|82006|82007|82008|82009|82010	73360	0	141|141|141|141|141|141|141|141|141|141|1141|1141|1141|1141|1141|1141|1141|1141|1141|1141|2141|2141|2141|2141|2141|2141|2141|2141|2141|2141
142	80001|80002|80003|80004|80005|80006|80007|80008|80009|80010|81001|81002|81003|81004|81005|81006|81007|81008|81009|81010|82001|82002|82003|82004|82005|82006|82007|82008|82009|82010	73790	0	142|142|142|142|142|142|142|142|142|142|1142|1142|1142|1142|1142|1142|1142|1142|1142|1142|2142|2142|2142|2142|2142|2142|2142|2142|2142|2142
143	80001|80002|80003|80004|80005|80006|80007|80008|80009|80010|81001|81002|81003|81004|81005|81006|81007|81008|81009|81010|82001|82002|82003|82004|82005|82006|82007|82008|82009|82010	74220	0	143|143|143|143|143|143|143|143|143|143|1143|1143|1143|1143|1143|1143|1143|1143|1143|1143|2143|2143|2143|2143|2143|2143|2143|2143|2143|2143
144	80001|80002|80003|80004|80005|80006|80007|80008|80009|80010|81001|81002|81003|81004|81005|81006|81007|81008|81009|81010|82001|82002|82003|82004|82005|82006|82007|82008|82009|82010	74650	0	144|144|144|144|144|144|144|144|144|144|1144|1144|1144|1144|1144|1144|1144|1144|1144|1144|2144|2144|2144|2144|2144|2144|2144|2144|2144|2144
145	80001|80002|80003|80004|80005|80006|80007|80008|80009|80010|81001|81002|81003|81004|81005|81006|81007|81008|81009|81010|82001|82002|82003|82004|82005|82006|82007|82008|82009|82010	75080	0	145|145|145|145|145|145|145|145|145|145|1145|1145|1145|1145|1145|1145|1145|1145|1145|1145|2145|2145|2145|2145|2145|2145|2145|2145|2145|2145
146	80001|80002|80003|80004|80005|80006|80007|80008|80009|80010|81001|81002|81003|81004|81005|81006|81007|81008|81009|81010|82001|82002|82003|82004|82005|82006|82007|82008|82009|82010	75510	0	146|146|146|146|146|146|146|146|146|146|1146|1146|1146|1146|1146|1146|1146|1146|1146|1146|2146|2146|2146|2146|2146|2146|2146|2146|2146|2146
147	80001|80002|80003|80004|80005|80006|80007|80008|80009|80010|81001|81002|81003|81004|81005|81006|81007|81008|81009|81010|82001|82002|82003|82004|82005|82006|82007|82008|82009|82010	75940	0	147|147|147|147|147|147|147|147|147|147|1147|1147|1147|1147|1147|1147|1147|1147|1147|1147|2147|2147|2147|2147|2147|2147|2147|2147|2147|2147
148	80001|80002|80003|80004|80005|80006|80007|80008|80009|80010|81001|81002|81003|81004|81005|81006|81007|81008|81009|81010|82001|82002|82003|82004|82005|82006|82007|82008|82009|82010	76370	0	148|148|148|148|148|148|148|148|148|148|1148|1148|1148|1148|1148|1148|1148|1148|1148|1148|2148|2148|2148|2148|2148|2148|2148|2148|2148|2148
149	80001|80002|80003|80004|80005|80006|80007|80008|80009|80010|81001|81002|81003|81004|81005|81006|81007|81008|81009|81010|82001|82002|82003|82004|82005|82006|82007|82008|82009|82010	76800	0	149|149|149|149|149|149|149|149|149|149|1149|1149|1149|1149|1149|1149|1149|1149|1149|1149|2149|2149|2149|2149|2149|2149|2149|2149|2149|2149
150	80001|80002|80003|80004|80005|80006|80007|80008|80009|80010|81001|81002|81003|81004|81005|81006|81007|81008|81009|81010|82001|82002|82003|82004|82005|82006|82007|82008|82009|82010	77230	0	150|150|150|150|150|150|150|150|150|150|1150|1150|1150|1150|1150|1150|1150|1150|1150|1150|2150|2150|2150|2150|2150|2150|2150|2150|2150|2150
151	80001|80002|80003|80004|80005|80006|80007|80008|80009|80010|81001|81002|81003|81004|81005|81006|81007|81008|81009|81010|82001|82002|82003|82004|82005|82006|82007|82008|82009|82010	77660	0	151|151|151|151|151|151|151|151|151|151|1151|1151|1151|1151|1151|1151|1151|1151|1151|1151|2151|2151|2151|2151|2151|2151|2151|2151|2151|2151
152	80001|80002|80003|80004|80005|80006|80007|80008|80009|80010|81001|81002|81003|81004|81005|81006|81007|81008|81009|81010|82001|82002|82003|82004|82005|82006|82007|82008|82009|82010	78090	0	152|152|152|152|152|152|152|152|152|152|1152|1152|1152|1152|1152|1152|1152|1152|1152|1152|2152|2152|2152|2152|2152|2152|2152|2152|2152|2152
153	80001|80002|80003|80004|80005|80006|80007|80008|80009|80010|81001|81002|81003|81004|81005|81006|81007|81008|81009|81010|82001|82002|82003|82004|82005|82006|82007|82008|82009|82010	78520	0	153|153|153|153|153|153|153|153|153|153|1153|1153|1153|1153|1153|1153|1153|1153|1153|1153|2153|2153|2153|2153|2153|2153|2153|2153|2153|2153
154	80001|80002|80003|80004|80005|80006|80007|80008|80009|80010|81001|81002|81003|81004|81005|81006|81007|81008|81009|81010|82001|82002|82003|82004|82005|82006|82007|82008|82009|82010	78950	0	154|154|154|154|154|154|154|154|154|154|1154|1154|1154|1154|1154|1154|1154|1154|1154|1154|2154|2154|2154|2154|2154|2154|2154|2154|2154|2154
155	80001|80002|80003|80004|80005|80006|80007|80008|80009|80010|81001|81002|81003|81004|81005|81006|81007|81008|81009|81010|82001|82002|82003|82004|82005|82006|82007|82008|82009|82010	79380	0	155|155|155|155|155|155|155|155|155|155|1155|1155|1155|1155|1155|1155|1155|1155|1155|1155|2155|2155|2155|2155|2155|2155|2155|2155|2155|2155
156	80001|80002|80003|80004|80005|80006|80007|80008|80009|80010|81001|81002|81003|81004|81005|81006|81007|81008|81009|81010|82001|82002|82003|82004|82005|82006|82007|82008|82009|82010	79810	0	156|156|156|156|156|156|156|156|156|156|1156|1156|1156|1156|1156|1156|1156|1156|1156|1156|2156|2156|2156|2156|2156|2156|2156|2156|2156|2156
157	80001|80002|80003|80004|80005|80006|80007|80008|80009|80010|81001|81002|81003|81004|81005|81006|81007|81008|81009|81010|82001|82002|82003|82004|82005|82006|82007|82008|82009|82010	80240	0	157|157|157|157|157|157|157|157|157|157|1157|1157|1157|1157|1157|1157|1157|1157|1157|1157|2157|2157|2157|2157|2157|2157|2157|2157|2157|2157
158	80001|80002|80003|80004|80005|80006|80007|80008|80009|80010|81001|81002|81003|81004|81005|81006|81007|81008|81009|81010|82001|82002|82003|82004|82005|82006|82007|82008|82009|82010	80670	0	158|158|158|158|158|158|158|158|158|158|1158|1158|1158|1158|1158|1158|1158|1158|1158|1158|2158|2158|2158|2158|2158|2158|2158|2158|2158|2158
159	80001|80002|80003|80004|80005|80006|80007|80008|80009|80010|81001|81002|81003|81004|81005|81006|81007|81008|81009|81010|82001|82002|82003|82004|82005|82006|82007|82008|82009|82010	81100	0	159|159|159|159|159|159|159|159|159|159|1159|1159|1159|1159|1159|1159|1159|1159|1159|1159|2159|2159|2159|2159|2159|2159|2159|2159|2159|2159
160	80001|80002|80003|80004|80005|80006|80007|80008|80009|80010|81001|81002|81003|81004|81005|81006|81007|81008|81009|81010|82001|82002|82003|82004|82005|82006|82007|82008|82009|82010	81530	0	160|160|160|160|160|160|160|160|160|160|1160|1160|1160|1160|1160|1160|1160|1160|1160|1160|2160|2160|2160|2160|2160|2160|2160|2160|2160|2160
161	80001|80002|80003|80004|80005|80006|80007|80008|80009|80010|81001|81002|81003|81004|81005|81006|81007|81008|81009|81010|82001|82002|82003|82004|82005|82006|82007|82008|82009|82010	81960	0	161|161|161|161|161|161|161|161|161|161|1161|1161|1161|1161|1161|1161|1161|1161|1161|1161|2161|2161|2161|2161|2161|2161|2161|2161|2161|2161
162	80001|80002|80003|80004|80005|80006|80007|80008|80009|80010|81001|81002|81003|81004|81005|81006|81007|81008|81009|81010|82001|82002|82003|82004|82005|82006|82007|82008|82009|82010	82390	0	162|162|162|162|162|162|162|162|162|162|1162|1162|1162|1162|1162|1162|1162|1162|1162|1162|2162|2162|2162|2162|2162|2162|2162|2162|2162|2162
163	80001|80002|80003|80004|80005|80006|80007|80008|80009|80010|81001|81002|81003|81004|81005|81006|81007|81008|81009|81010|82001|82002|82003|82004|82005|82006|82007|82008|82009|82010	82820	0	163|163|163|163|163|163|163|163|163|163|1163|1163|1163|1163|1163|1163|1163|1163|1163|1163|2163|2163|2163|2163|2163|2163|2163|2163|2163|2163
164	80001|80002|80003|80004|80005|80006|80007|80008|80009|80010|81001|81002|81003|81004|81005|81006|81007|81008|81009|81010|82001|82002|82003|82004|82005|82006|82007|82008|82009|82010	83250	0	164|164|164|164|164|164|164|164|164|164|1164|1164|1164|1164|1164|1164|1164|1164|1164|1164|2164|2164|2164|2164|2164|2164|2164|2164|2164|2164
165	80001|80002|80003|80004|80005|80006|80007|80008|80009|80010|81001|81002|81003|81004|81005|81006|81007|81008|81009|81010|82001|82002|82003|82004|82005|82006|82007|82008|82009|82010	83680	0	165|165|165|165|165|165|165|165|165|165|1165|1165|1165|1165|1165|1165|1165|1165|1165|1165|2165|2165|2165|2165|2165|2165|2165|2165|2165|2165
166	80001|80002|80003|80004|80005|80006|80007|80008|80009|80010|81001|81002|81003|81004|81005|81006|81007|81008|81009|81010|82001|82002|82003|82004|82005|82006|82007|82008|82009|82010	84110	0	166|166|166|166|166|166|166|166|166|166|1166|1166|1166|1166|1166|1166|1166|1166|1166|1166|2166|2166|2166|2166|2166|2166|2166|2166|2166|2166
167	80001|80002|80003|80004|80005|80006|80007|80008|80009|80010|81001|81002|81003|81004|81005|81006|81007|81008|81009|81010|82001|82002|82003|82004|82005|82006|82007|82008|82009|82010	84540	0	167|167|167|167|167|167|167|167|167|167|1167|1167|1167|1167|1167|1167|1167|1167|1167|1167|2167|2167|2167|2167|2167|2167|2167|2167|2167|2167
168	80001|80002|80003|80004|80005|80006|80007|80008|80009|80010|81001|81002|81003|81004|81005|81006|81007|81008|81009|81010|82001|82002|82003|82004|82005|82006|82007|82008|82009|82010	84970	0	168|168|168|168|168|168|168|168|168|168|1168|1168|1168|1168|1168|1168|1168|1168|1168|1168|2168|2168|2168|2168|2168|2168|2168|2168|2168|2168
169	80001|80002|80003|80004|80005|80006|80007|80008|80009|80010|81001|81002|81003|81004|81005|81006|81007|81008|81009|81010|82001|82002|82003|82004|82005|82006|82007|82008|82009|82010	85400	0	169|169|169|169|169|169|169|169|169|169|1169|1169|1169|1169|1169|1169|1169|1169|1169|1169|2169|2169|2169|2169|2169|2169|2169|2169|2169|2169
170	80001|80002|80003|80004|80005|80006|80007|80008|80009|80010|81001|81002|81003|81004|81005|81006|81007|81008|81009|81010|82001|82002|82003|82004|82005|82006|82007|82008|82009|82010	85830	0	170|170|170|170|170|170|170|170|170|170|1170|1170|1170|1170|1170|1170|1170|1170|1170|1170|2170|2170|2170|2170|2170|2170|2170|2170|2170|2170
171	83001|83002|83003|83004|83005|83006|83007|83009|83012|83013	3090	1	3001|3001|3001|3001|3001|3001|3001|3001|3001|3001
172	83001|83002|83003|83004|83005|83006|83007|83009|83012|83013	3440	1	3002|3002|3002|3002|3002|3002|3002|3002|3002|3002
173	83001|83002|83003|83004|83005|83006|83007|83009|83012|83013	3800	1	3003|3003|3003|3003|3003|3003|3003|3003|3003|3003
174	83001|83002|83003|83004|83005|83006|83007|83009|83012|83013	4150	1	3004|3004|3004|3004|3004|3004|3004|3004|3004|3004
175	83001|83002|83003|83004|83005|83006|83007|83009|83012|83013	4500	1	3005|3005|3005|3005|3005|3005|3005|3005|3005|3005
176	83001|83002|83003|83004|83005|83006|83007|83009|83012|83013	4860	1	3006|3006|3006|3006|3006|3006|3006|3006|3006|3006
177	83001|83002|83003|83004|83005|83006|83007|83009|83012|83013	5210	1	3007|3007|3007|3007|3007|3007|3007|3007|3007|3007
178	83001|83002|83003|83004|83005|83006|83007|83009|83012|83013	5560	1	3008|3008|3008|3008|3008|3008|3008|3008|3008|3008
179	83001|83002|83003|83004|83005|83006|83007|83009|83012|83013	5920	1	3009|3009|3009|3009|3009|3009|3009|3009|3009|3009
180	83001|83002|83003|83004|83005|83006|83007|83009|83012|83013	6270	1	3010|3010|3010|3010|3010|3010|3010|3010|3010|3010
181	83001|83002|83003|83004|83005|83006|83007|83009|83012|83013	6620	1	3011|3011|3011|3011|3011|3011|3011|3011|3011|3011
182	83001|83002|83003|83004|83005|83006|83007|83009|83012|83013	6980	1	3012|3012|3012|3012|3012|3012|3012|3012|3012|3012
183	83001|83002|83003|83004|83005|83006|83007|83009|83012|83013	7330	1	3013|3013|3013|3013|3013|3013|3013|3013|3013|3013
184	83001|83002|83003|83004|83005|83006|83007|83009|83012|83013	7680	1	3014|3014|3014|3014|3014|3014|3014|3014|3014|3014
185	83001|83002|83003|83004|83005|83006|83007|83009|83012|83013	8030	1	3015|3015|3015|3015|3015|3015|3015|3015|3015|3015
186	83001|83002|83003|83004|83005|83006|83007|83009|83012|83013	8390	1	3016|3016|3016|3016|3016|3016|3016|3016|3016|3016
187	83001|83002|83003|83004|83005|83006|83007|83009|83012|83013	8740	1	3017|3017|3017|3017|3017|3017|3017|3017|3017|3017
188	83001|83002|83003|83004|83005|83006|83007|83009|83012|83013	9090	1	3018|3018|3018|3018|3018|3018|3018|3018|3018|3018
189	83001|83002|83003|83004|83005|83006|83007|83009|83012|83013	9450	1	3019|3019|3019|3019|3019|3019|3019|3019|3019|3019
190	83001|83002|83003|83004|83005|83006|83007|83009|83012|83013	9880	1	3020|3020|3020|3020|3020|3020|3020|3020|3020|3020
191	83001|83002|83003|83004|83005|83006|83007|83009|83012|83013	10260	1	3021|3021|3021|3021|3021|3021|3021|3021|3021|3021
192	83001|83002|83003|83004|83005|83006|83007|83009|83012|83013	10650	1	3022|3022|3022|3022|3022|3022|3022|3022|3022|3022
193	83001|83002|83003|83004|83005|83006|83007|83009|83012|83013	11030	1	3023|3023|3023|3023|3023|3023|3023|3023|3023|3023
194	83001|83002|83003|83004|83005|83006|83007|83009|83012|83013	11340	1	3024|3024|3024|3024|3024|3024|3024|3024|3024|3024
195	83001|83002|83003|83004|83005|83006|83007|83009|83012|83013	11770	1	3025|3025|3025|3025|3025|3025|3025|3025|3025|3025
196	83001|83002|83003|83004|83005|83006|83007|83009|83012|83013	12040	1	3026|3026|3026|3026|3026|3026|3026|3026|3026|3026
197	83001|83002|83003|83004|83005|83006|83007|83009|83012|83013	12400	1	3027|3027|3027|3027|3027|3027|3027|3027|3027|3027
198	83001|83002|83003|83004|83005|83006|83007|83009|83012|83013	12830	1	3028|3028|3028|3028|3028|3028|3028|3028|3028|3028
199	83001|83002|83003|83004|83005|83006|83007|83009|83012|83013	13260	1	3029|3029|3029|3029|3029|3029|3029|3029|3029|3029
200	83001|83002|83003|83004|83005|83006|83007|83009|83012|83013	13690	1	3030|3030|3030|3030|3030|3030|3030|3030|3030|3030
201	83001|83002|83003|83004|83005|83006|83007|83009|83012|83013	14120	1	3031|3031|3031|3031|3031|3031|3031|3031|3031|3031
202	83001|83002|83003|83004|83005|83006|83007|83009|83012|83013	14550	1	3032|3032|3032|3032|3032|3032|3032|3032|3032|3032
203	83001|83002|83003|83004|83005|83006|83007|83009|83012|83013	14980	1	3033|3033|3033|3033|3033|3033|3033|3033|3033|3033
204	83001|83002|83003|83004|83005|83006|83007|83009|83012|83013	15410	1	3034|3034|3034|3034|3034|3034|3034|3034|3034|3034
205	83001|83002|83003|83004|83005|83006|83007|83009|83012|83013	16070	1	3035|3035|3035|3035|3035|3035|3035|3035|3035|3035
206	83001|83002|83003|83004|83005|83006|83007|83009|83012|83013	16450	1	3036|3036|3036|3036|3036|3036|3036|3036|3036|3036
207	83001|83002|83003|83004|83005|83006|83007|83009|83012|83013	16830	1	3037|3037|3037|3037|3037|3037|3037|3037|3037|3037
208	83001|83002|83003|83004|83005|83006|83007|83009|83012|83013	17220	1	3038|3038|3038|3038|3038|3038|3038|3038|3038|3038
209	83001|83002|83003|83004|83005|83006|83007|83009|83012|83013	17600	1	3039|3039|3039|3039|3039|3039|3039|3039|3039|3039
210	83001|83002|83003|83004|83005|83006|83007|83009|83012|83013	18140	1	3040|3040|3040|3040|3040|3040|3040|3040|3040|3040
211	83001|83002|83003|83004|83005|83006|83007|83009|83012|83013	18650	1	3041|3041|3041|3041|3041|3041|3041|3041|3041|3041
212	83001|83002|83003|83004|83005|83006|83007|83009|83012|83013	19150	1	3042|3042|3042|3042|3042|3042|3042|3042|3042|3042
213	83001|83002|83003|83004|83005|83006|83007|83009|83012|83013	19660	1	3043|3043|3043|3043|3043|3043|3043|3043|3043|3043
214	83001|83002|83003|83004|83005|83006|83007|83009|83012|83013	20170	1	3044|3044|3044|3044|3044|3044|3044|3044|3044|3044
215	83001|83002|83003|83004|83005|83006|83007|83009|83012|83013	20670	1	3045|3045|3045|3045|3045|3045|3045|3045|3045|3045
216	83001|83002|83003|83004|83005|83006|83007|83009|83012|83013	21100	1	3046|3046|3046|3046|3046|3046|3046|3046|3046|3046
217	83001|83002|83003|83004|83005|83006|83007|83009|83012|83013	21380	1	3047|3047|3047|3047|3047|3047|3047|3047|3047|3047
218	83001|83002|83003|83004|83005|83006|83007|83009|83012|83013	21890	1	3048|3048|3048|3048|3048|3048|3048|3048|3048|3048
219	83001|83002|83003|83004|83005|83006|83007|83009|83012|83013	22390	1	3049|3049|3049|3049|3049|3049|3049|3049|3049|3049
220	83001|83002|83003|83004|83005|83006|83007|83009|83012|83013	22900	1	3050|3050|3050|3050|3050|3050|3050|3050|3050|3050
221	83001|83002|83003|83004|83005|83006|83007|83009|83012|83013	23410	1	3051|3051|3051|3051|3051|3051|3051|3051|3051|3051
222	83001|83002|83003|83004|83005|83006|83007|83009|83012|83013	23870	1	3052|3052|3052|3052|3052|3052|3052|3052|3052|3052
223	83001|83002|83003|83004|83005|83006|83007|83009|83012|83013	24330	1	3053|3053|3053|3053|3053|3053|3053|3053|3053|3053
224	83001|83002|83003|83004|83005|83006|83007|83009|83012|83013	24790	1	3054|3054|3054|3054|3054|3054|3054|3054|3054|3054
225	83001|83002|83003|83004|83005|83006|83007|83009|83012|83013	25250	1	3055|3055|3055|3055|3055|3055|3055|3055|3055|3055
226	83001|83002|83003|83004|83005|83006|83007|83009|83012|83013	25710	1	3056|3056|3056|3056|3056|3056|3056|3056|3056|3056
227	83001|83002|83003|83004|83005|83006|83007|83009|83012|83013	26170	1	3057|3057|3057|3057|3057|3057|3057|3057|3057|3057
228	83001|83002|83003|83004|83005|83006|83007|83009|83012|83013	26630	1	3058|3058|3058|3058|3058|3058|3058|3058|3058|3058
229	83001|83002|83003|83004|83005|83006|83007|83009|83012|83013	26990	1	3059|3059|3059|3059|3059|3059|3059|3059|3059|3059
230	83001|83002|83003|83004|83005|83006|83007|83009|83012|83013	27260	1	3060|3060|3060|3060|3060|3060|3060|3060|3060|3060
231	83001|83002|83003|83004|83005|83006|83007|83009|83012|83013	27840	1	3061|3061|3061|3061|3061|3061|3061|3061|3061|3061
232	83001|83002|83003|83004|83005|83006|83007|83009|83012|83013	28430	1	3062|3062|3062|3062|3062|3062|3062|3062|3062|3062
233	83001|83002|83003|83004|83005|83006|83007|83009|83012|83013	29010	1	3063|3063|3063|3063|3063|3063|3063|3063|3063|3063
234	83001|83002|83003|83004|83005|83006|83007|83009|83012|83013	29600	1	3064|3064|3064|3064|3064|3064|3064|3064|3064|3064
235	83001|83002|83003|83004|83005|83006|83007|83009|83012|83013	30180	1	3065|3065|3065|3065|3065|3065|3065|3065|3065|3065
236	83001|83002|83003|83004|83005|83006|83007|83009|83012|83013	30760	1	3066|3066|3066|3066|3066|3066|3066|3066|3066|3066
237	83001|83002|83003|83004|83005|83006|83007|83009|83012|83013	31350	1	3067|3067|3067|3067|3067|3067|3067|3067|3067|3067
238	83001|83002|83003|83004|83005|83006|83007|83009|83012|83013	31930	1	3068|3068|3068|3068|3068|3068|3068|3068|3068|3068
239	83001|83002|83003|83004|83005|83006|83007|83009|83012|83013	32590	1	3069|3069|3069|3069|3069|3069|3069|3069|3069|3069
240	83001|83002|83003|83004|83005|83006|83007|83009|83012|83013	33130	1	3070|3070|3070|3070|3070|3070|3070|3070|3070|3070
241	83001|83002|83003|83004|83005|83006|83007|83009|83012|83013	33670	1	3071|3071|3071|3071|3071|3071|3071|3071|3071|3071
242	83001|83002|83003|83004|83005|83006|83007|83009|83012|83013	34200	1	3072|3072|3072|3072|3072|3072|3072|3072|3072|3072
243	83001|83002|83003|83004|83005|83006|83007|83009|83012|83013	34740	1	3073|3073|3073|3073|3073|3073|3073|3073|3073|3073
244	83001|83002|83003|83004|83005|83006|83007|83009|83012|83013	35280	1	3074|3074|3074|3074|3074|3074|3074|3074|3074|3074
245	83001|83002|83003|83004|83005|83006|83007|83009|83012|83013	35820	1	3075|3075|3075|3075|3075|3075|3075|3075|3075|3075
246	83001|83002|83003|83004|83005|83006|83007|83009|83012|83013	36350	1	3076|3076|3076|3076|3076|3076|3076|3076|3076|3076
247	83001|83002|83003|83004|83005|83006|83007|83009|83012|83013	37010	1	3077|3077|3077|3077|3077|3077|3077|3077|3077|3077
248	83001|83002|83003|83004|83005|83006|83007|83009|83012|83013	37410	1	3078|3078|3078|3078|3078|3078|3078|3078|3078|3078
249	83001|83002|83003|83004|83005|83006|83007|83009|83012|83013	38070	1	3079|3079|3079|3079|3079|3079|3079|3079|3079|3079
250	83001|83002|83003|83004|83005|83006|83007|83009|83012|83013	38730	1	3080|3080|3080|3080|3080|3080|3080|3080|3080|3080
251	83001|83002|83003|83004|83005|83006|83007|83009|83012|83013	39390	1	3081|3081|3081|3081|3081|3081|3081|3081|3081|3081
252	83001|83002|83003|83004|83005|83006|83007|83009|83012|83013	40050	1	3082|3082|3082|3082|3082|3082|3082|3082|3082|3082
253	83001|83002|83003|83004|83005|83006|83007|83009|83012|83013	40710	1	3083|3083|3083|3083|3083|3083|3083|3083|3083|3083
254	83001|83002|83003|83004|83005|83006|83007|83009|83012|83013	41110	1	3084|3084|3084|3084|3084|3084|3084|3084|3084|3084
255	83001|83002|83003|83004|83005|83006|83007|83009|83012|83013	41770	1	3085|3085|3085|3085|3085|3085|3085|3085|3085|3085
256	83001|83002|83003|83004|83005|83006|83007|83009|83012|83013	42430	1	3086|3086|3086|3086|3086|3086|3086|3086|3086|3086
257	83001|83002|83003|83004|83005|83006|83007|83009|83012|83013	43090	1	3087|3087|3087|3087|3087|3087|3087|3087|3087|3087
258	83001|83002|83003|83004|83005|83006|83007|83009|83012|83013	43750	1	3088|3088|3088|3088|3088|3088|3088|3088|3088|3088
259	83001|83002|83003|83004|83005|83006|83007|83009|83012|83013	44150	1	3089|3089|3089|3089|3089|3089|3089|3089|3089|3089
260	83001|83002|83003|83004|83005|83006|83007|83009|83012|83013	44730	1	3090|3090|3090|3090|3090|3090|3090|3090|3090|3090
261	83001|83002|83003|83004|83005|83006|83007|83009|83012|83013	45310	1	3091|3091|3091|3091|3091|3091|3091|3091|3091|3091
262	83001|83002|83003|83004|83005|83006|83007|83009|83012|83013	45900	1	3092|3092|3092|3092|3092|3092|3092|3092|3092|3092
263	83001|83002|83003|83004|83005|83006|83007|83009|83012|83013	46480	1	3093|3093|3093|3093|3093|3093|3093|3093|3093|3093
264	83001|83002|83003|83004|83005|83006|83007|83009|83012|83013	47060	1	3094|3094|3094|3094|3094|3094|3094|3094|3094|3094
265	83001|83002|83003|83004|83005|83006|83007|83009|83012|83013	47650	1	3095|3095|3095|3095|3095|3095|3095|3095|3095|3095
266	83001|83002|83003|83004|83005|83006|83007|83009|83012|83013	48230	1	3096|3096|3096|3096|3096|3096|3096|3096|3096|3096
267	83001|83002|83003|83004|83005|83006|83007|83009|83012|83013	48820	1	3097|3097|3097|3097|3097|3097|3097|3097|3097|3097
268	83001|83002|83003|83004|83005|83006|83007|83009|83012|83013	49400	1	3098|3098|3098|3098|3098|3098|3098|3098|3098|3098
269	83001|83002|83003|83004|83005|83006|83007|83009|83012|83013	49980	1	3099|3099|3099|3099|3099|3099|3099|3099|3099|3099
270	83001|83002|83003|83004|83005|83006|83007|83009|83012|83013	50570	1	3100|3100|3100|3100|3100|3100|3100|3100|3100|3100
271	83001|83002|83003|83004|83005|83006|83007|83009|83012|83013	51150	1	3101|3101|3101|3101|3101|3101|3101|3101|3101|3101
272	83001|83002|83003|83004|83005|83006|83007|83009|83012|83013	51730	1	3102|3102|3102|3102|3102|3102|3102|3102|3102|3102
273	83001|83002|83003|83004|83005|83006|83007|83009|83012|83013	52320	1	3103|3103|3103|3103|3103|3103|3103|3103|3103|3103
274	83001|83002|83003|83004|83005|83006|83007|83009|83012|83013	52900	1	3104|3104|3104|3104|3104|3104|3104|3104|3104|3104
275	83001|83002|83003|83004|83005|83006|83007|83009|83012|83013	53490	1	3105|3105|3105|3105|3105|3105|3105|3105|3105|3105
276	83001|83002|83003|83004|83005|83006|83007|83009|83012|83013	54070	1	3106|3106|3106|3106|3106|3106|3106|3106|3106|3106
277	83001|83002|83003|83004|83005|83006|83007|83009|83012|83013	54650	1	3107|3107|3107|3107|3107|3107|3107|3107|3107|3107
278	83001|83002|83003|83004|83005|83006|83007|83009|83012|83013	55240	1	3108|3108|3108|3108|3108|3108|3108|3108|3108|3108
279	83001|83002|83003|83004|83005|83006|83007|83009|83012|83013	55820	1	3109|3109|3109|3109|3109|3109|3109|3109|3109|3109
280	83001|83002|83003|83004|83005|83006|83007|83009|83012|83013	56400	1	3110|3110|3110|3110|3110|3110|3110|3110|3110|3110
281	83001|83002|83003|83004|83005|83006|83007|83009|83012|83013	56990	1	3111|3111|3111|3111|3111|3111|3111|3111|3111|3111
282	83001|83002|83003|83004|83005|83006|83007|83009|83012|83013	57570	1	3112|3112|3112|3112|3112|3112|3112|3112|3112|3112
283	83001|83002|83003|83004|83005|83006|83007|83009|83012|83013	58150	1	3113|3113|3113|3113|3113|3113|3113|3113|3113|3113
284	83001|83002|83003|83004|83005|83006|83007|83009|83012|83013	58740	1	3114|3114|3114|3114|3114|3114|3114|3114|3114|3114
285	83001|83002|83003|83004|83005|83006|83007|83009|83012|83013	59320	1	3115|3115|3115|3115|3115|3115|3115|3115|3115|3115
286	83001|83002|83003|83004|83005|83006|83007|83009|83012|83013	59910	1	3116|3116|3116|3116|3116|3116|3116|3116|3116|3116
287	83001|83002|83003|83004|83005|83006|83007|83009|83012|83013	60490	1	3117|3117|3117|3117|3117|3117|3117|3117|3117|3117
288	83001|83002|83003|83004|83005|83006|83007|83009|83012|83013	61070	1	3118|3118|3118|3118|3118|3118|3118|3118|3118|3118
289	83001|83002|83003|83004|83005|83006|83007|83009|83012|83013	61660	1	3119|3119|3119|3119|3119|3119|3119|3119|3119|3119
290	83001|83002|83003|83004|83005|83006|83007|83009|83012|83013	62240	1	3120|3120|3120|3120|3120|3120|3120|3120|3120|3120
291	83001|83002|83003|83004|83005|83006|83007|83009|83012|83013	62820	1	3121|3121|3121|3121|3121|3121|3121|3121|3121|3121
292	83001|83002|83003|83004|83005|83006|83007|83009|83012|83013	63410	1	3122|3122|3122|3122|3122|3122|3122|3122|3122|3122
293	83001|83002|83003|83004|83005|83006|83007|83009|83012|83013	63990	1	3123|3123|3123|3123|3123|3123|3123|3123|3123|3123
294	83001|83002|83003|83004|83005|83006|83007|83009|83012|83013	64580	1	3124|3124|3124|3124|3124|3124|3124|3124|3124|3124
295	83001|83002|83003|83004|83005|83006|83007|83009|83012|83013	65160	1	3125|3125|3125|3125|3125|3125|3125|3125|3125|3125
296	83001|83002|83003|83004|83005|83006|83007|83009|83012|83013	65740	1	3126|3126|3126|3126|3126|3126|3126|3126|3126|3126
297	83001|83002|83003|83004|83005|83006|83007|83009|83012|83013	66330	1	3127|3127|3127|3127|3127|3127|3127|3127|3127|3127
298	83001|83002|83003|83004|83005|83006|83007|83009|83012|83013	66910	1	3128|3128|3128|3128|3128|3128|3128|3128|3128|3128
299	83001|83002|83003|83004|83005|83006|83007|83009|83012|83013	67490	1	3129|3129|3129|3129|3129|3129|3129|3129|3129|3129
300	83001|83002|83003|83004|83005|83006|83007|83009|83012|83013	68080	1	3130|3130|3130|3130|3130|3130|3130|3130|3130|3130
301	83001|83002|83003|83004|83005|83006|83007|83009|83012|83013	68660	1	3131|3131|3131|3131|3131|3131|3131|3131|3131|3131
302	83001|83002|83003|83004|83005|83006|83007|83009|83012|83013	69240	1	3132|3132|3132|3132|3132|3132|3132|3132|3132|3132
303	83001|83002|83003|83004|83005|83006|83007|83009|83012|83013	69670	1	3133|3133|3133|3133|3133|3133|3133|3133|3133|3133
304	83001|83002|83003|83004|83005|83006|83007|83009|83012|83013	70100	1	3134|3134|3134|3134|3134|3134|3134|3134|3134|3134
305	83001|83002|83003|83004|83005|83006|83007|83009|83012|83013	70660	1	3135|3135|3135|3135|3135|3135|3135|3135|3135|3135
306	83001|83002|83003|83004|83005|83006|83007|83009|83012|83013	71210	1	3136|3136|3136|3136|3136|3136|3136|3136|3136|3136
307	83001|83002|83003|83004|83005|83006|83007|83009|83012|83013	71640	1	3137|3137|3137|3137|3137|3137|3137|3137|3137|3137
308	83001|83002|83003|83004|83005|83006|83007|83009|83012|83013	72070	1	3138|3138|3138|3138|3138|3138|3138|3138|3138|3138
309	83001|83002|83003|83004|83005|83006|83007|83009|83012|83013	72500	1	3139|3139|3139|3139|3139|3139|3139|3139|3139|3139
310	83001|83002|83003|83004|83005|83006|83007|83009|83012|83013	72930	1	3140|3140|3140|3140|3140|3140|3140|3140|3140|3140
311	83001|83002|83003|83004|83005|83006|83007|83009|83012|83013	73360	1	3141|3141|3141|3141|3141|3141|3141|3141|3141|3141
312	83001|83002|83003|83004|83005|83006|83007|83009|83012|83013	73790	1	3142|3142|3142|3142|3142|3142|3142|3142|3142|3142
313	83001|83002|83003|83004|83005|83006|83007|83009|83012|83013	74220	1	3143|3143|3143|3143|3143|3143|3143|3143|3143|3143
314	83001|83002|83003|83004|83005|83006|83007|83009|83012|83013	74650	1	3144|3144|3144|3144|3144|3144|3144|3144|3144|3144
315	83001|83002|83003|83004|83005|83006|83007|83009|83012|83013	75080	1	3145|3145|3145|3145|3145|3145|3145|3145|3145|3145
316	83001|83002|83003|83004|83005|83006|83007|83009|83012|83013	75510	1	3146|3146|3146|3146|3146|3146|3146|3146|3146|3146
317	83001|83002|83003|83004|83005|83006|83007|83009|83012|83013	75940	1	3147|3147|3147|3147|3147|3147|3147|3147|3147|3147
318	83001|83002|83003|83004|83005|83006|83007|83009|83012|83013	76370	1	3148|3148|3148|3148|3148|3148|3148|3148|3148|3148
319	83001|83002|83003|83004|83005|83006|83007|83009|83012|83013	76800	1	3149|3149|3149|3149|3149|3149|3149|3149|3149|3149
320	83001|83002|83003|83004|83005|83006|83007|83009|83012|83013	77230	1	3150|3150|3150|3150|3150|3150|3150|3150|3150|3150
321	83001|83002|83003|83004|83005|83006|83007|83009|83012|83013	77660	1	3151|3151|3151|3151|3151|3151|3151|3151|3151|3151
322	83001|83002|83003|83004|83005|83006|83007|83009|83012|83013	78090	1	3152|3152|3152|3152|3152|3152|3152|3152|3152|3152
323	83001|83002|83003|83004|83005|83006|83007|83009|83012|83013	78520	1	3153|3153|3153|3153|3153|3153|3153|3153|3153|3153
324	83001|83002|83003|83004|83005|83006|83007|83009|83012|83013	78950	1	3154|3154|3154|3154|3154|3154|3154|3154|3154|3154
325	83001|83002|83003|83004|83005|83006|83007|83009|83012|83013	79380	1	3155|3155|3155|3155|3155|3155|3155|3155|3155|3155
326	83001|83002|83003|83004|83005|83006|83007|83009|83012|83013	79810	1	3156|3156|3156|3156|3156|3156|3156|3156|3156|3156
327	83001|83002|83003|83004|83005|83006|83007|83009|83012|83013	80240	1	3157|3157|3157|3157|3157|3157|3157|3157|3157|3157
328	83001|83002|83003|83004|83005|83006|83007|83009|83012|83013	80670	1	3158|3158|3158|3158|3158|3158|3158|3158|3158|3158
329	83001|83002|83003|83004|83005|83006|83007|83009|83012|83013	81100	1	3159|3159|3159|3159|3159|3159|3159|3159|3159|3159
330	83001|83002|83003|83004|83005|83006|83007|83009|83012|83013	81530	1	3160|3160|3160|3160|3160|3160|3160|3160|3160|3160
331	83001|83002|83003|83004|83005|83006|83007|83009|83012|83013	81960	1	3161|3161|3161|3161|3161|3161|3161|3161|3161|3161
332	83001|83002|83003|83004|83005|83006|83007|83009|83012|83013	82390	1	3162|3162|3162|3162|3162|3162|3162|3162|3162|3162
333	83001|83002|83003|83004|83005|83006|83007|83009|83012|83013	82820	1	3163|3163|3163|3163|3163|3163|3163|3163|3163|3163
334	83001|83002|83003|83004|83005|83006|83007|83009|83012|83013	83250	1	3164|3164|3164|3164|3164|3164|3164|3164|3164|3164
335	83001|83002|83003|83004|83005|83006|83007|83009|83012|83013	83680	1	3165|3165|3165|3165|3165|3165|3165|3165|3165|3165
336	83001|83002|83003|83004|83005|83006|83007|83009|83012|83013	84110	1	3166|3166|3166|3166|3166|3166|3166|3166|3166|3166
337	83001|83002|83003|83004|83005|83006|83007|83009|83012|83013	84540	1	3167|3167|3167|3167|3167|3167|3167|3167|3167|3167
338	83001|83002|83003|83004|83005|83006|83007|83009|83012|83013	84970	1	3168|3168|3168|3168|3168|3168|3168|3168|3168|3168
339	83001|83002|83003|83004|83005|83006|83007|83009|83012|83013	85400	1	3169|3169|3169|3169|3169|3169|3169|3169|3169|3169
340	83001|83002|83003|83004|83005|83006|83007|83009|83012|83013	85830	1	3170|3170|3170|3170|3170|3170|3170|3170|3170|3170
