Id	Description	AddHpMax	AddEpMax	AddAd	AddADp	AddMDp	AddCri	AddPow	AddBackHitPow	AddCrackPow	AddHpRecover	AddEpRecover	AddSpd	AddFireDam	AddFireErd	AddIceDam	AddIceErd	AddPoisonDam	AddPoisonErd	AddWeight	AddRps	AddAttackRange
1		99700	10000	4900	0	0	10	150	115	115												
2		114200	10000	5300	0	0	10	150	115	115												
3		129100	10000	5800	0	0	10	150	115	115												
4		144300	10000	6200	0	0	10	150	115	115												
5		159900	10000	6700	0	0	10	150	115	115												
6		175800	10000	7200	0	0	10	150	115	115												
7		192200	10000	7600	0	0	10	150	115	115												
8		208900	10000	8100	0	0	10	150	115	115												
9		225900	10000	8500	0	0	10	150	115	115												
10		243400	10000	9000	0	0	10	150	115	115												
11		261200	10000	9500	0	0	10	150	115	115												
12		282800	10000	9900	0	0	10	150	115	115												
13		305100	10000	10400	0	0	10	150	115	115												
14		328200	10000	10800	0	0	10	150	115	115												
15		352000	10000	11300	0	0	10	150	115	115												
16		376600	10000	11800	0	0	10	150	115	115												
17		401900	10000	12200	0	0	10	150	115	115												
18		427900	10000	12700	0	0	10	150	115	115												
19		454700	10000	13100	0	0	10	150	115	115												
20		486100	10000	13700	0	0	10	150	115	115												
21		516000	10000	14200	0	0	10	150	115	115												
22		552100	10000	14700	0	0	10	150	115	115												
23		589400	10000	15200	0	0	10	150	115	115												
24		623500	10000	15600	0	0	10	150	115	115												
25		665800	10000	16200	0	0	10	150	115	115												
26		722700	10000	17000	0	0	10	150	115	115												
27		743900	10000	17500	0	0	10	150	115	115												
28		789700	10000	18000	0	0	10	150	115	115												
29		836900	10000	18600	0	0	10	150	115	115												
30		885400	10000	19100	0	0	10	150	115	115												
31		935300	10000	19700	0	0	10	150	115	115												
32		986500	10000	20300	0	0	10	150	115	115												
33		1046900	10000	20800	0	0	10	150	115	115												
34		1109000	10000	21400	0	0	10	150	115	115												
35		1190000	10000	22200	0	0	10	150	115	115												
36		1252700	10000	22700	0	0	10	150	115	115												
37		1317000	10000	23200	0	0	10	150	115	115												
38		1383000	10000	23700	0	0	10	150	115	115												
39		1450500	10000	24200	0	0	10	150	115	115												
40		1532600	10000	24900	0	0	10	150	115	115												
41		1614200	10000	25600	0	0	10	150	115	115												
42		1698000	10000	26300	0	0	10	150	115	115												
43		1783900	10000	26900	0	0	10	150	115	115												
44		1871900	10000	27600	0	0	10	150	115	115												
45		1962000	10000	28200	0	0	10	150	115	115												
46		2046800	10000	28800	0	0	10	150	115	115												
47		2110000	10000	29600	0	0	10	150	115	115												
48		2205600	10000	30300	0	0	10	150	115	115												
49		2315100	10000	30900	0	0	10	150	115	115												
50		2427300	10000	31600	0	0	10	150	115	115												
51		2542100	10000	32300	0	0	10	150	115	115												
52		2654500	10000	32900	0	0	10	150	115	115												
53		2769300	10000	33500	0	0	10	150	115	115												
54		2886500	10000	34100	0	0	10	150	115	115												
55		3006100	10000	34700	0	0	10	150	115	115												
56		3128100	10000	35300	0	0	10	150	115	115												
57		3252500	10000	35900	0	0	10	150	115	115												
58		3520000	10000	36500	0	0	10	150	115	115												
59		3708700	10000	36900	0	0	10	150	115	115												
60		3797100	10000	37800	0	0	10	150	115	115												
61		4025200	10000	38500	0	0	10	150	115	115												
62		4259400	10000	39300	0	0	10	150	115	115												
63		4499700	10000	40000	0	0	10	150	115	115												
64		4746000	10000	40800	0	0	10	150	115	115												
65		4998500	10000	41600	0	0	10	150	115	115												
66		5257000	10000	42300	0	0	10	150	115	115												
67		5521600	10000	43100	0	0	10	150	115	115												
68		5792300	10000	43800	0	0	10	150	115	115												
69		6256800	10000	44700	0	0	10	150	115	115												
70		6710800	10000	45400	0	0	10	150	115	115												
71		7176000	10000	46100	0	0	10	150	115	115												
72		7652400	10000	46800	0	0	10	150	115	115												
73		8140000	10000	47500	0	0	10	150	115	115												
74		8638800	10000	48200	0	0	10	150	115	115												
75		9148800	10000	48900	0	0	10	150	115	115												
76		9670000	10000	49600	0	0	10	150	115	115												
77		10235700	10000	50500	0	0	10	150	115	115												
78		10547700	10000	51900	0	0	10	150	115	115												
79		11139200	10000	52800	0	0	10	150	115	115												
80		11744400	10000	53700	0	0	10	150	115	115												
81		12363300	10000	54500	0	0	10	150	115	115												
82		12996000	10000	55400	0	0	10	150	115	115												
83		13642500	10000	56200	0	0	10	150	115	115												
84		14014500	10000	57700	0	0	10	150	115	115												
85		14686800	10000	58600	0	0	10	150	115	115												
86		15372800	10000	59400	0	0	10	150	115	115												
87		16072500	10000	60300	0	0	10	150	115	115												
88		16244600	10000	61100	2000	2000	10	150	115	115					2000		2000		2000			
89		16386700	10000	62600	3000	3000	10	150	115	115					3000		3000		3000			
90		16796700	10000	63400	4000	4000	10	150	115	115					4000		4000		4000			
91		17205400	10000	64100	5000	5000	10	150	115	115					5000		5000		5000			
92		17612700	10000	64900	6000	6000	10	150	115	115					6000		6000		6000			
93		18018700	10000	65700	7000	7000	10	150	115	115					7000		7000		7000			
94		18423600	10000	66400	8000	8000	10	150	115	115					8000		8000		8000			
95		18827200	10000	67200	9000	9000	10	150	115	115					9000		9000		9000			
96		19229800	10000	67900	10000	10000	10	150	115	115					10000		10000		10000			
97		19631300	10000	68700	11000	11000	10	150	115	115					11000		11000		11000			
98		20031800	10000	69500	12000	12000	10	150	115	115					12000		12000		12000			
99		20431300	10000	70200	13000	13000	10	150	115	115					13000		13000		13000			
100		20829800	10000	71000	14000	14000	10	150	115	115					14000		14000		14000			
101		21227500	10000	71700	15000	15000	10	150	115	115					15000		15000		15000			
102		21624300	10000	72500	16000	16000	10	150	115	115					16000		16000		16000			
103		22020300	10000	73300	17000	17000	10	150	115	115					17000		17000		17000			
104		22415400	10000	74000	18000	18000	10	150	115	115					18000		18000		18000			
105		22362600	10000	74800	19000	19000	10	150	115	115					19000		19000		19000			
106		22311000	10000	75500	20000	20000	10	150	115	115					20000		20000		20000			
107		22260800	10000	76300	21000	21000	10	150	115	115					21000		21000		21000			
108		22211800	10000	77100	22000	22000	10	150	115	115					22000		22000		22000			
109		22163900	10000	77800	23000	23000	10	150	115	115					23000		23000		23000			
110		22117200	10000	78600	24000	24000	10	150	115	115					24000		24000		24000			
111		22071600	10000	79300	25000	25000	10	150	115	115					25000		25000		25000			
112		22027000	10000	80100	26000	26000	10	150	115	115					26000		26000		26000			
113		21983500	10000	80900	27000	27000	10	150	115	115					27000		27000		27000			
114		21941000	10000	81600	28000	28000	10	150	115	115					28000		28000		28000			
115		21899400	10000	82400	29000	29000	10	150	115	115					29000		29000		29000			
116		21858700	10000	83100	30000	30000	10	150	115	115					30000		30000		30000			
117		21819000	10000	83900	31000	31000	10	150	115	115					31000		31000		31000			
118		21780000	10000	84700	32000	32000	10	150	115	115					32000		32000		32000			
119		21742000	10000	85400	33000	33000	10	150	115	115					33000		33000		33000			
120		21704700	10000	86200	34000	34000	10	150	115	115					34000		34000		34000			
121		21668300	10000	86900	35000	35000	10	150	115	115					35000		35000		35000			
122		21632500	10000	87700	36000	36000	10	150	115	115					36000		36000		36000			
123		21597600	10000	88500	37000	37000	10	150	115	115					37000		37000		37000			
124		21563300	10000	89200	38000	38000	10	150	115	115					38000		38000		38000			
125		21529700	10000	90000	39000	39000	10	150	115	115					39000		39000		39000			
126		21496800	10000	90700	40000	40000	10	150	115	115					40000		40000		40000			
127		21464600	10000	91500	41000	41000	10	150	115	115					41000		41000		41000			
128		21433000	10000	92300	42000	42000	10	150	115	115					42000		42000		42000			
129		21402000	10000	93000	43000	43000	10	150	115	115					43000		43000		43000			
130		21371600	10000	93800	44000	44000	10	150	115	115					44000		44000		44000			
131		21341800	10000	94500	45000	45000	10	150	115	115					45000		45000		45000			
132		21312500	10000	95300	46000	46000	10	150	115	115					46000		46000		46000			
133		21238900	10000	95900	47000	47000	10	150	115	115					47000		47000		47000			
134		21166700	10000	96400	48000	48000	10	150	115	115					48000		48000		48000			
135		21238900	10000	97600	49000	49000	10	150	115	115					49000		49000		49000			
136		21309900	10000	98800	50000	50000	10	150	115	115					50000		50000		50000			
137		21239000	10000	99400	51000	51000	10	150	115	115					51000		51000		51000			
138		21169300	10000	99900	52000	52000	10	150	115	115					52000		52000		52000			
139		21100900	10000	100500	53000	53000	10	150	115	115					53000		53000		53000			
140		21033700	10000	101000	54000	54000	10	150	115	115					54000		54000		54000			
141		20967700	10000	101600	55000	55000	10	150	115	115					55000		55000		55000			
142		20902800	10000	102200	56000	56000	10	150	115	115					56000		56000		56000			
143		20839000	10000	102700	57000	57000	10	150	115	115					57000		57000		57000			
144		20776300	10000	103300	58000	58000	10	150	115	115					58000		58000		58000			
145		20714700	10000	103800	59000	59000	10	150	115	115					59000		59000		59000			
146		20654000	10000	104400	60000	60000	10	150	115	115					60000		60000		60000			
147		20766000	10000	105000	60000	60000	10	150	115	115					60000		60000		60000			
148		20878000	10000	105500	60000	60000	10	150	115	115					60000		60000		60000			
149		20990000	10000	106100	60000	60000	10	150	115	115					60000		60000		60000			
150		21102000	10000	106600	60000	60000	10	150	115	115					60000		60000		60000			
151		21214000	10000	107200	60000	60000	10	150	115	115					60000		60000		60000			
152		21326000	10000	107800	60000	60000	10	150	115	115					60000		60000		60000			
153		21438000	10000	108300	60000	60000	10	150	115	115					60000		60000		60000			
154		21550000	10000	108900	60000	60000	10	150	115	115					60000		60000		60000			
155		21662000	10000	109400	60000	60000	10	150	115	115					60000		60000		60000			
156		21774000	10000	110000	60000	60000	10	150	115	115					60000		60000		60000			
157		21886000	10000	110600	60000	60000	10	150	115	115					60000		60000		60000			
158		21998000	10000	111100	60000	60000	10	150	115	115					60000		60000		60000			
159		22110000	10000	111700	60000	60000	10	150	115	115					60000		60000		60000			
160		22222000	10000	112200	60000	60000	10	150	115	115					60000		60000		60000			
161		22334000	10000	112800	60000	60000	10	150	115	115					60000		60000		60000			
162		22446000	10000	113400	60000	60000	10	150	115	115					60000		60000		60000			
163		22558000	10000	113900	60000	60000	10	150	115	115					60000		60000		60000			
164		22670000	10000	114500	60000	60000	10	150	115	115					60000		60000		60000			
165		22782000	10000	115000	60000	60000	10	150	115	115					60000		60000		60000			
166		22894000	10000	115600	60000	60000	10	150	115	115					60000		60000		60000			
167		23006000	10000	116200	60000	60000	10	150	115	115					60000		60000		60000			
168		23118000	10000	116700	60000	60000	10	150	115	115					60000		60000		60000			
169		23230000	10000	117300	60000	60000	10	150	115	115					60000		60000		60000			
170		23342000	10000	117800	60000	60000	10	150	115	115					60000		60000		60000			
1001		129700	10000	4400	0	0	10	150	115	115												
1002		148500	10000	4700	0	0	10	150	115	115												
1003		167900	10000	5200	0	0	10	150	115	115												
1004		187600	10000	5500	0	0	10	150	115	115												
1005		207900	10000	5900	0	0	10	150	115	115												
1006		228600	10000	6400	0	0	10	150	115	115												
1007		249900	10000	6700	0	0	10	150	115	115												
1008		271600	10000	7200	0	0	10	150	115	115												
1009		293700	10000	7500	0	0	10	150	115	115												
1010		316500	10000	8000	0	0	10	150	115	115												
1011		339600	10000	8400	0	0	10	150	115	115												
1012		367700	10000	8800	0	0	10	150	115	115												
1013		396700	10000	9200	0	0	10	150	115	115												
1014		426700	10000	9600	0	0	10	150	115	115												
1015		457600	10000	10000	0	0	10	150	115	115												
1016		489600	10000	10400	0	0	10	150	115	115												
1017		522500	10000	10800	0	0	10	150	115	115												
1018		556300	10000	11200	0	0	10	150	115	115												
1019		591200	10000	11600	0	0	10	150	115	115												
1020		632000	10000	12100	0	0	10	150	115	115												
1021		670800	10000	12500	0	0	10	150	115	115												
1022		717800	10000	13000	0	0	10	150	115	115												
1023		766300	10000	13400	0	0	10	150	115	115												
1024		810600	10000	13800	0	0	10	150	115	115												
1025		865600	10000	14300	0	0	10	150	115	115												
1026		939600	10000	15000	0	0	10	150	115	115												
1027		967100	10000	15400	0	0	10	150	115	115												
1028		1026700	10000	15900	0	0	10	150	115	115												
1029		1088000	10000	16400	0	0	10	150	115	115												
1030		1151100	10000	16900	0	0	10	150	115	115												
1031		1215900	10000	17400	0	0	10	150	115	115												
1032		1282500	10000	17900	0	0	10	150	115	115												
1033		1361000	10000	18400	0	0	10	150	115	115												
1034		1441700	10000	18900	0	0	10	150	115	115												
1035		1547000	10000	19600	0	0	10	150	115	115												
1036		1628600	10000	20000	0	0	10	150	115	115												
1037		1712100	10000	20500	0	0	10	150	115	115												
1038		1797900	10000	20900	0	0	10	150	115	115												
1039		1885700	10000	21300	0	0	10	150	115	115												
1040		1992400	10000	22000	0	0	10	150	115	115												
1041		2098500	10000	22600	0	0	10	150	115	115												
1042		2207400	10000	23200	0	0	10	150	115	115												
1043		2319100	10000	23700	0	0	10	150	115	115												
1044		2433500	10000	24300	0	0	10	150	115	115												
1045		2550600	10000	24900	0	0	10	150	115	115												
1046		2660900	10000	25400	0	0	10	150	115	115												
1047		2743000	10000	26100	0	0	10	150	115	115												
1048		2867300	10000	26700	0	0	10	150	115	115												
1049		3009700	10000	27200	0	0	10	150	115	115												
1050		3155500	10000	27900	0	0	10	150	115	115												
1051		3304800	10000	28500	0	0	10	150	115	115												
1052		3450900	10000	29000	0	0	10	150	115	115												
1053		3600100	10000	29500	0	0	10	150	115	115												
1054		3752500	10000	30100	0	0	10	150	115	115												
1055		3908000	10000	30600	0	0	10	150	115	115												
1056		4066600	10000	31100	0	0	10	150	115	115												
1057		4228300	10000	31600	0	0	10	150	115	115												
1058		4576000	10000	32200	0	0	10	150	115	115												
1059		4821400	10000	32500	0	0	10	150	115	115												
1060		4936300	10000	33300	0	0	10	150	115	115												
1061		5232800	10000	33900	0	0	10	150	115	115												
1062		5537300	10000	34600	0	0	10	150	115	115												
1063		5849700	10000	35200	0	0	10	150	115	115												
1064		6169800	10000	36000	0	0	10	150	115	115												
1065		6498100	10000	36700	0	0	10	150	115	115												
1066		6834100	10000	37300	0	0	10	150	115	115												
1067		7178100	10000	38000	0	0	10	150	115	115												
1068		7530000	10000	38600	0	0	10	150	115	115												
1069		8133900	10000	39400	0	0	10	150	115	115												
1070		8724100	10000	40000	0	0	10	150	115	115												
1071		9328800	10000	40600	0	0	10	150	115	115												
1072		9948200	10000	41200	0	0	10	150	115	115												
1073		10582000	10000	41800	0	0	10	150	115	115												
1074		11230500	10000	42500	0	0	10	150	115	115												
1075		11893500	10000	43100	0	0	10	150	115	115												
1076		12571000	10000	43700	0	0	10	150	115	115												
1077		13306500	10000	44500	0	0	10	150	115	115												
1078		13712100	10000	45700	0	0	10	150	115	115												
1079		14481000	10000	46500	0	0	10	150	115	115												
1080		15267800	10000	47300	0	0	10	150	115	115												
1081		16072300	10000	48000	0	0	10	150	115	115												
1082		16894800	10000	48800	0	0	10	150	115	115												
1083		17735300	10000	49500	0	0	10	150	115	115												
1084		18218900	10000	50800	0	0	10	150	115	115												
1085		19092900	10000	51600	0	0	10	150	115	115												
1086		19984700	10000	52300	0	0	10	150	115	115												
1087		20894300	10000	53100	0	0	10	150	115	115												
1088		21118000	10000	53800	2000	2000	10	150	115	115					2000		2000		2000			
1089		21302800	10000	55100	3000	3000	10	150	115	115					3000		3000		3000			
1090		21835800	10000	55800	4000	4000	10	150	115	115					4000		4000		4000			
1091		22367100	10000	56500	5000	5000	10	150	115	115					5000		5000		5000			
1092		22896600	10000	57200	6000	6000	10	150	115	115					6000		6000		6000			
1093		23424400	10000	57900	7000	7000	10	150	115	115					7000		7000		7000			
1094		23950700	10000	58500	8000	8000	10	150	115	115					8000		8000		8000			
1095		24475400	10000	59200	9000	9000	10	150	115	115					9000		9000		9000			
1096		24998800	10000	59800	10000	10000	10	150	115	115					10000		10000		10000			
1097		25520700	10000	60500	11000	11000	10	150	115	115					11000		11000		11000			
1098		26041400	10000	61200	12000	12000	10	150	115	115					12000		12000		12000			
1099		26560700	10000	61800	13000	13000	10	150	115	115					13000		13000		13000			
1100		27078800	10000	62500	14000	14000	10	150	115	115					14000		14000		14000			
1101		27595800	10000	63100	15000	15000	10	150	115	115					15000		15000		15000			
1102		28111600	10000	63800	16000	16000	10	150	115	115					16000		16000		16000			
1103		28626400	10000	64600	17000	17000	10	150	115	115					17000		17000		17000			
1104		29140100	10000	65200	18000	18000	10	150	115	115					18000		18000		18000			
1105		29071400	10000	65900	19000	19000	10	150	115	115					19000		19000		19000			
1106		29004300	10000	66500	20000	20000	10	150	115	115					20000		20000		20000			
1107		28939100	10000	67200	21000	21000	10	150	115	115					21000		21000		21000			
1108		28875400	10000	67900	22000	22000	10	150	115	115					22000		22000		22000			
1109		28813100	10000	68500	23000	23000	10	150	115	115					23000		23000		23000			
1110		28752400	10000	69200	24000	24000	10	150	115	115					24000		24000		24000			
1111		28693100	10000	69800	25000	25000	10	150	115	115					25000		25000		25000			
1112		28635100	10000	70500	26000	26000	10	150	115	115					26000		26000		26000			
1113		28578600	10000	71200	27000	27000	10	150	115	115					27000		27000		27000			
1114		28523300	10000	71900	28000	28000	10	150	115	115					28000		28000		28000			
1115		28469300	10000	72600	29000	29000	10	150	115	115					29000		29000		29000			
1116		28416400	10000	73200	30000	30000	10	150	115	115					30000		30000		30000			
1117		28364700	10000	73900	31000	31000	10	150	115	115					31000		31000		31000			
1118		28314000	10000	74600	32000	32000	10	150	115	115					32000		32000		32000			
1119		28264600	10000	75200	33000	33000	10	150	115	115					33000		33000		33000			
1120		28216200	10000	75900	34000	34000	10	150	115	115					34000		34000		34000			
1121		28168800	10000	76500	35000	35000	10	150	115	115					35000		35000		35000			
1122		28122300	10000	77200	36000	36000	10	150	115	115					36000		36000		36000			
1123		28076900	10000	77900	37000	37000	10	150	115	115					37000		37000		37000			
1124		28032300	10000	78500	38000	38000	10	150	115	115					38000		38000		38000			
1125		27988700	10000	79200	39000	39000	10	150	115	115					39000		39000		39000			
1126		27945900	10000	79900	40000	40000	10	150	115	115					40000		40000		40000			
1127		27904000	10000	80600	41000	41000	10	150	115	115					41000		41000		41000			
1128		27862900	10000	81300	42000	42000	10	150	115	115					42000		42000		42000			
1129		27822600	10000	81900	43000	43000	10	150	115	115					43000		43000		43000			
1130		27783100	10000	82600	44000	44000	10	150	115	115					44000		44000		44000			
1131		27744400	10000	83200	45000	45000	10	150	115	115					45000		45000		45000			
1132		27706300	10000	83900	46000	46000	10	150	115	115					46000		46000		46000			
1133		27610600	10000	84400	47000	47000	10	150	115	115					47000		47000		47000			
1134		27516800	10000	84900	48000	48000	10	150	115	115					48000		48000		48000			
1135		27610600	10000	85900	49000	49000	10	150	115	115					49000		49000		49000			
1136		27702900	10000	87000	50000	50000	10	150	115	115					50000		50000		50000			
1137		27610700	10000	87500	51000	51000	10	150	115	115					51000		51000		51000			
1138		27520100	10000	88000	52000	52000	10	150	115	115					52000		52000		52000			
1139		27431200	10000	88500	53000	53000	10	150	115	115					53000		53000		53000			
1140		27343900	10000	88900	54000	54000	10	150	115	115					54000		54000		54000			
1141		27258100	10000	89500	55000	55000	10	150	115	115					55000		55000		55000			
1142		27173700	10000	90000	56000	56000	10	150	115	115					56000		56000		56000			
1143		27090700	10000	90400	57000	57000	10	150	115	115					57000		57000		57000			
1144		27009200	10000	91000	58000	58000	10	150	115	115					58000		58000		58000			
1145		26929200	10000	91400	59000	59000	10	150	115	115					59000		59000		59000			
1146		26850200	10000	91900	60000	60000	10	150	115	115					60000		60000		60000			
1147		26995800	10000	92400	60000	60000	10	150	115	115					60000		60000		60000			
1148		27141400	10000	92900	60000	60000	10	150	115	115					60000		60000		60000			
1149		27287000	10000	93400	60000	60000	10	150	115	115					60000		60000		60000			
1150		27432600	10000	93900	60000	60000	10	150	115	115					60000		60000		60000			
1151		27578200	10000	94400	60000	60000	10	150	115	115					60000		60000		60000			
1152		27723800	10000	94900	60000	60000	10	150	115	115					60000		60000		60000			
1153		27869400	10000	95400	60000	60000	10	150	115	115					60000		60000		60000			
1154		28015000	10000	95900	60000	60000	10	150	115	115					60000		60000		60000			
1155		28160600	10000	96300	60000	60000	10	150	115	115					60000		60000		60000			
1156		28306200	10000	96800	60000	60000	10	150	115	115					60000		60000		60000			
1157		28451800	10000	97400	60000	60000	10	150	115	115					60000		60000		60000			
1158		28597400	10000	97800	60000	60000	10	150	115	115					60000		60000		60000			
1159		28743000	10000	98300	60000	60000	10	150	115	115					60000		60000		60000			
1160		28888600	10000	98800	60000	60000	10	150	115	115					60000		60000		60000			
1161		29034200	10000	99300	60000	60000	10	150	115	115					60000		60000		60000			
1162		29179800	10000	99800	60000	60000	10	150	115	115					60000		60000		60000			
1163		29325400	10000	100300	60000	60000	10	150	115	115					60000		60000		60000			
1164		29471000	10000	100800	60000	60000	10	150	115	115					60000		60000		60000			
1165		29616600	10000	101200	60000	60000	10	150	115	115					60000		60000		60000			
1166		29762200	10000	101800	60000	60000	10	150	115	115					60000		60000		60000			
1167		29907800	10000	102300	60000	60000	10	150	115	115					60000		60000		60000			
1168		30053400	10000	102700	60000	60000	10	150	115	115					60000		60000		60000			
1169		30199000	10000	103300	60000	60000	10	150	115	115					60000		60000		60000			
1170		30344600	10000	103700	60000	60000	10	150	115	115					60000		60000		60000			
2001		79800	10000	6400	0	0	10	150	115	115												
2002		91400	10000	6900	0	0	10	150	115	115												
2003		103300	10000	7600	0	0	10	150	115	115												
2004		115500	10000	8100	0	0	10	150	115	115												
2005		128000	10000	8800	0	0	10	150	115	115												
2006		140700	10000	9400	0	0	10	150	115	115												
2007		153800	10000	9900	0	0	10	150	115	115												
2008		167200	10000	10600	0	0	10	150	115	115												
2009		180800	10000	11100	0	0	10	150	115	115												
2010		194800	10000	11700	0	0	10	150	115	115												
2011		209000	10000	12400	0	0	10	150	115	115												
2012		226300	10000	12900	0	0	10	150	115	115												
2013		244100	10000	13600	0	0	10	150	115	115												
2014		262600	10000	14100	0	0	10	150	115	115												
2015		281600	10000	14700	0	0	10	150	115	115												
2016		301300	10000	15400	0	0	10	150	115	115												
2017		321600	10000	15900	0	0	10	150	115	115												
2018		342400	10000	16600	0	0	10	150	115	115												
2019		363800	10000	17100	0	0	10	150	115	115												
2020		388900	10000	17900	0	0	10	150	115	115												
2021		412800	10000	18500	0	0	10	150	115	115												
2022		441700	10000	19200	0	0	10	150	115	115												
2023		471600	10000	19800	0	0	10	150	115	115												
2024		498800	10000	20300	0	0	10	150	115	115												
2025		532700	10000	21100	0	0	10	150	115	115												
2026		578200	10000	22100	0	0	10	150	115	115												
2027		595200	10000	22800	0	0	10	150	115	115												
2028		631800	10000	23400	0	0	10	150	115	115												
2029		669600	10000	24200	0	0	10	150	115	115												
2030		708400	10000	24900	0	0	10	150	115	115												
2031		748300	10000	25700	0	0	10	150	115	115												
2032		789200	10000	26400	0	0	10	150	115	115												
2033		837600	10000	27100	0	0	10	150	115	115												
2034		887200	10000	27900	0	0	10	150	115	115												
2035		952000	10000	28900	0	0	10	150	115	115												
2036		1002200	10000	29600	0	0	10	150	115	115												
2037		1053600	10000	30200	0	0	10	150	115	115												
2038		1106400	10000	30900	0	0	10	150	115	115												
2039		1160400	10000	31500	0	0	10	150	115	115												
2040		1226100	10000	32400	0	0	10	150	115	115												
2041		1291400	10000	33300	0	0	10	150	115	115												
2042		1358400	10000	34200	0	0	10	150	115	115												
2043		1427200	10000	35000	0	0	10	150	115	115												
2044		1497600	10000	35900	0	0	10	150	115	115												
2045		1569600	10000	36700	0	0	10	150	115	115												
2046		1637500	10000	37500	0	0	10	150	115	115												
2047		1688000	10000	38500	0	0	10	150	115	115												
2048		1764500	10000	39400	0	0	10	150	115	115												
2049		1852100	10000	40200	0	0	10	150	115	115												
2050		1941900	10000	41100	0	0	10	150	115	115												
2051		2033700	10000	42000	0	0	10	150	115	115												
2052		2123600	10000	42800	0	0	10	150	115	115												
2053		2215500	10000	43600	0	0	10	150	115	115												
2054		2309200	10000	44400	0	0	10	150	115	115												
2055		2404900	10000	45200	0	0	10	150	115	115												
2056		2502500	10000	45900	0	0	10	150	115	115												
2057		2602000	10000	46700	0	0	10	150	115	115												
2058		2816000	10000	47500	0	0	10	150	115	115												
2059		2967000	10000	48000	0	0	10	150	115	115												
2060		3037700	10000	49200	0	0	10	150	115	115												
2061		3220200	10000	50100	0	0	10	150	115	115												
2062		3407600	10000	51100	0	0	10	150	115	115												
2063		3599800	10000	52000	0	0	10	150	115	115												
2064		3796800	10000	53100	0	0	10	150	115	115												
2065		3998800	10000	54100	0	0	10	150	115	115												
2066		4205600	10000	55000	0	0	10	150	115	115												
2067		4417300	10000	56100	0	0	10	150	115	115												
2068		4633900	10000	57000	0	0	10	150	115	115												
2069		5005500	10000	58200	0	0	10	150	115	115												
2070		5368700	10000	59100	0	0	10	150	115	115												
2071		5740800	10000	60000	0	0	10	150	115	115												
2072		6122000	10000	60900	0	0	10	150	115	115												
2073		6512000	10000	61800	0	0	10	150	115	115												
2074		6911100	10000	62700	0	0	10	150	115	115												
2075		7319100	10000	63600	0	0	10	150	115	115												
2076		7736000	10000	64500	0	0	10	150	115	115												
2077		8188600	10000	65700	0	0	10	150	115	115												
2078		8438200	10000	67500	0	0	10	150	115	115												
2079		8911400	10000	68700	0	0	10	150	115	115												
2080		9395600	10000	69900	0	0	10	150	115	115												
2081		9890700	10000	70900	0	0	10	150	115	115												
2082		10396800	10000	72100	0	0	10	150	115	115												
2083		10914000	10000	73100	0	0	10	150	115	115												
2084		11211600	10000	75100	0	0	10	150	115	115												
2085		11749500	10000	76200	0	0	10	150	115	115												
2086		12298300	10000	77300	0	0	10	150	115	115												
2087		12858000	10000	78400	0	0	10	150	115	115												
2088		12995700	10000	79500	2000	2000	10	150	115	115					2000		2000		2000			
2089		13109400	10000	81400	3000	3000	10	150	115	115					3000		3000		3000			
2090		13437400	10000	82500	4000	4000	10	150	115	115					4000		4000		4000			
2091		13764400	10000	83400	5000	5000	10	150	115	115					5000		5000		5000			
2092		14090200	10000	84400	6000	6000	10	150	115	115					6000		6000		6000			
2093		14415000	10000	85500	7000	7000	10	150	115	115					7000		7000		7000			
2094		14738900	10000	86400	8000	8000	10	150	115	115					8000		8000		8000			
2095		15061800	10000	87400	9000	9000	10	150	115	115					9000		9000		9000			
2096		15383900	10000	88300	10000	10000	10	150	115	115					10000		10000		10000			
2097		15705100	10000	89400	11000	11000	10	150	115	115					11000		11000		11000			
2098		16025500	10000	90400	12000	12000	10	150	115	115					12000		12000		12000			
2099		16345100	10000	91300	13000	13000	10	150	115	115					13000		13000		13000			
2100		16663900	10000	92300	14000	14000	10	150	115	115					14000		14000		14000			
2101		16982000	10000	93300	15000	15000	10	150	115	115					15000		15000		15000			
2102		17299500	10000	94300	16000	16000	10	150	115	115					16000		16000		16000			
2103		17616300	10000	95300	17000	17000	10	150	115	115					17000		17000		17000			
2104		17932400	10000	96200	18000	18000	10	150	115	115					18000		18000		18000			
2105		17890100	10000	97300	19000	19000	10	150	115	115					19000		19000		19000			
2106		17848800	10000	98200	20000	20000	10	150	115	115					20000		20000		20000			
2107		17808700	10000	99200	21000	21000	10	150	115	115					21000		21000		21000			
2108		17769500	10000	100300	22000	22000	10	150	115	115					22000		22000		22000			
2109		17731200	10000	101200	23000	23000	10	150	115	115					23000		23000		23000			
2110		17693800	10000	102200	24000	24000	10	150	115	115					24000		24000		24000			
2111		17657300	10000	103100	25000	25000	10	150	115	115					25000		25000		25000			
2112		17621600	10000	104200	26000	26000	10	150	115	115					26000		26000		26000			
2113		17586800	10000	105200	27000	27000	10	150	115	115					27000		27000		27000			
2114		17552800	10000	106100	28000	28000	10	150	115	115					28000		28000		28000			
2115		17519600	10000	107200	29000	29000	10	150	115	115					29000		29000		29000			
2116		17487000	10000	108100	30000	30000	10	150	115	115					30000		30000		30000			
2117		17455200	10000	109100	31000	31000	10	150	115	115					31000		31000		31000			
2118		17424000	10000	110200	32000	32000	10	150	115	115					32000		32000		32000			
2119		17393600	10000	111100	33000	33000	10	150	115	115					33000		33000		33000			
2120		17363800	10000	112100	34000	34000	10	150	115	115					34000		34000		34000			
2121		17334700	10000	113000	35000	35000	10	150	115	115					35000		35000		35000			
2122		17306000	10000	114100	36000	36000	10	150	115	115					36000		36000		36000			
2123		17278100	10000	115100	37000	37000	10	150	115	115					37000		37000		37000			
2124		17250700	10000	116000	38000	38000	10	150	115	115					38000		38000		38000			
2125		17223800	10000	117000	39000	39000	10	150	115	115					39000		39000		39000			
2126		17197500	10000	118000	40000	40000	10	150	115	115					40000		40000		40000			
2127		17171700	10000	119000	41000	41000	10	150	115	115					41000		41000		41000			
2128		17146400	10000	120000	42000	42000	10	150	115	115					42000		42000		42000			
2129		17121600	10000	120900	43000	43000	10	150	115	115					43000		43000		43000			
2130		17097300	10000	122000	44000	44000	10	150	115	115					44000		44000		44000			
2131		17073500	10000	122900	45000	45000	10	150	115	115					45000		45000		45000			
2132		17050000	10000	123900	46000	46000	10	150	115	115					46000		46000		46000			
2133		16991200	10000	124700	47000	47000	10	150	115	115					47000		47000		47000			
2134		16933400	10000	125400	48000	48000	10	150	115	115					48000		48000		48000			
2135		16991200	10000	126900	49000	49000	10	150	115	115					49000		49000		49000			
2136		17048000	10000	128500	50000	50000	10	150	115	115					50000		50000		50000			
2137		16991200	10000	129300	51000	51000	10	150	115	115					51000		51000		51000			
2138		16935500	10000	129900	52000	52000	10	150	115	115					52000		52000		52000			
2139		16880800	10000	130700	53000	53000	10	150	115	115					53000		53000		53000			
2140		16827000	10000	131300	54000	54000	10	150	115	115					54000		54000		54000			
2141		16774200	10000	132100	55000	55000	10	150	115	115					55000		55000		55000			
2142		16722300	10000	132900	56000	56000	10	150	115	115					56000		56000		56000			
2143		16671200	10000	133600	57000	57000	10	150	115	115					57000		57000		57000			
2144		16621100	10000	134300	58000	58000	10	150	115	115					58000		58000		58000			
2145		16571800	10000	135000	59000	59000	10	150	115	115					59000		59000		59000			
2146		16523200	10000	135800	60000	60000	10	150	115	115					60000		60000		60000			
2147		16612800	10000	136500	60000	60000	10	150	115	115					60000		60000		60000			
2148		16702400	10000	137200	60000	60000	10	150	115	115					60000		60000		60000			
2149		16792000	10000	138000	60000	60000	10	150	115	115					60000		60000		60000			
2150		16881600	10000	138600	60000	60000	10	150	115	115					60000		60000		60000			
2151		16971200	10000	139400	60000	60000	10	150	115	115					60000		60000		60000			
2152		17060800	10000	140200	60000	60000	10	150	115	115					60000		60000		60000			
2153		17150400	10000	140800	60000	60000	10	150	115	115					60000		60000		60000			
2154		17240000	10000	141600	60000	60000	10	150	115	115					60000		60000		60000			
2155		17329600	10000	142300	60000	60000	10	150	115	115					60000		60000		60000			
2156		17419200	10000	143000	60000	60000	10	150	115	115					60000		60000		60000			
2157		17508800	10000	143800	60000	60000	10	150	115	115					60000		60000		60000			
2158		17598400	10000	144500	60000	60000	10	150	115	115					60000		60000		60000			
2159		17688000	10000	145300	60000	60000	10	150	115	115					60000		60000		60000			
2160		17777600	10000	145900	60000	60000	10	150	115	115					60000		60000		60000			
2161		17867200	10000	146700	60000	60000	10	150	115	115					60000		60000		60000			
2162		17956800	10000	147500	60000	60000	10	150	115	115					60000		60000		60000			
2163		18046400	10000	148100	60000	60000	10	150	115	115					60000		60000		60000			
2164		18136000	10000	148900	60000	60000	10	150	115	115					60000		60000		60000			
2165		18225600	10000	149500	60000	60000	10	150	115	115					60000		60000		60000			
2166		18315200	10000	150300	60000	60000	10	150	115	115					60000		60000		60000			
2167		18404800	10000	151100	60000	60000	10	150	115	115					60000		60000		60000			
2168		18494400	10000	151800	60000	60000	10	150	115	115					60000		60000		60000			
2169		18584000	10000	152500	60000	60000	10	150	115	115					60000		60000		60000			
2170		18673600	10000	153200	60000	60000	10	150	115	115					60000		60000		60000			
3001		797600	10000	7400	0	0	25	170	150	150												
3002		913600	10000	8000	0	0	25	170	150	150												
3003		1032800	10000	8700	0	0	25	170	150	150												
3004		1154400	10000	9300	0	0	25	170	150	150												
3005		1279200	10000	10100	0	0	25	170	150	150												
3006		1406400	10000	10800	0	0	25	170	150	150												
3007		1537600	10000	11400	0	0	25	170	150	150												
3008		1671200	10000	12200	0	0	25	170	150	150												
3009		1807200	10000	12800	0	0	25	170	150	150												
3010		1947200	10000	13500	0	0	25	170	150	150												
3011		2089600	10000	14300	0	0	25	170	150	150												
3012		2262400	10000	14900	0	0	25	170	150	150												
3013		2440800	10000	15600	0	0	25	170	150	150												
3014		2625600	10000	16200	0	0	25	170	150	150												
3015		2816000	10000	17000	0	0	25	170	150	150												
3016		3012800	10000	17700	0	0	25	170	150	150												
3017		3215200	10000	18300	0	0	25	170	150	150												
3018		3423200	10000	19100	0	0	25	170	150	150												
3019		3637600	10000	19700	0	0	25	170	150	150												
3020		3888800	10000	20600	0	0	25	170	150	150												
3021		4128000	10000	21300	0	0	25	170	150	150												
3022		4416800	10000	22100	0	0	25	170	150	150												
3023		4715200	10000	22800	0	0	25	170	150	150												
3024		4988000	10000	23400	0	0	25	170	150	150												
3025		5326400	10000	24300	0	0	25	170	150	150												
3026		5781600	10000	25500	0	0	25	170	150	150												
3027		5951200	10000	26300	0	0	25	170	150	150												
3028		6317600	10000	27000	0	0	25	170	150	150												
3029		6695200	10000	27900	0	0	25	170	150	150												
3030		7083200	10000	28700	0	0	25	170	150	150												
3031		7482400	10000	29600	0	0	25	170	150	150												
3032		7892000	10000	30500	0	0	25	170	150	150												
3033		8375200	10000	31200	0	0	25	170	150	150												
3034		8872000	10000	32100	0	0	25	170	150	150												
3035		9520000	10000	33300	0	0	25	170	150	150												
3036		10021600	10000	34100	0	0	25	170	150	150												
3037		10536000	10000	34800	0	0	25	170	150	150												
3038		11064000	10000	35600	0	0	25	170	150	150												
3039		11604000	10000	36300	0	0	25	170	150	150												
3040		12260800	10000	37400	0	0	25	170	150	150												
3041		12913600	10000	38400	0	0	25	170	150	150												
3042		13584000	10000	39500	0	0	25	170	150	150												
3043		14271200	10000	40400	0	0	25	170	150	150												
3044		14975200	10000	41400	0	0	25	170	150	150												
3045		15696000	10000	42300	0	0	25	170	150	150												
3046		16374400	10000	43200	0	0	25	170	150	150												
3047		16880000	10000	44400	0	0	25	170	150	150												
3048		17644800	10000	45500	0	0	25	170	150	150												
3049		18520800	10000	46400	0	0	25	170	150	150												
3050		19418400	10000	47400	0	0	25	170	150	150												
3051		20336800	10000	48500	0	0	25	170	150	150												
3052		21236000	10000	49400	0	0	25	170	150	150												
3053		22154400	10000	50300	0	0	25	170	150	150												
3054		23092000	10000	51200	0	0	25	170	150	150												
3055		24048800	10000	52100	0	0	25	170	150	150												
3056		25024800	10000	53000	0	0	25	170	150	150												
3057		26020000	10000	53900	0	0	25	170	150	150												
3058		28160000	10000	54800	0	0	25	170	150	150												
3059		29669600	10000	55400	0	0	25	170	150	150												
3060		30376800	10000	56700	0	0	25	170	150	150												
3061		32201600	10000	57800	0	0	25	170	150	150												
3062		34075200	10000	59000	0	0	25	170	150	150												
3063		35997600	10000	60000	0	0	25	170	150	150												
3064		37968000	10000	61200	0	0	25	170	150	150												
3065		39988000	10000	62400	0	0	25	170	150	150												
3066		42056000	10000	63500	0	0	25	170	150	150												
3067		44172800	10000	64700	0	0	25	170	150	150												
3068		46338400	10000	65700	0	0	25	170	150	150												
3069		50054400	10000	67100	0	0	25	170	150	150												
3070		53686400	10000	68100	0	0	25	170	150	150												
3071		57408000	10000	69200	0	0	25	170	150	150												
3072		61219200	10000	70200	0	0	25	170	150	150												
3073		65120000	10000	71300	0	0	25	170	150	150												
3074		69110400	10000	72300	0	0	25	170	150	150												
3075		73190400	10000	73400	0	0	25	170	150	150												
3076		77360000	10000	74400	0	0	25	170	150	150												
3077		81885600	10000	75800	0	0	25	170	150	150												
3078		84381600	10000	77900	0	0	25	170	150	150												
3079		89113600	10000	79200	0	0	25	170	150	150												
3080		93955200	10000	80600	0	0	25	170	150	150												
3081		98906400	10000	81800	0	0	25	170	150	150												
3082		103968000	10000	83100	0	0	25	170	150	150												
3083		109140000	10000	84300	0	0	25	170	150	150												
3084		112116000	10000	86600	0	0	25	170	150	150												
3085		117494400	10000	87900	0	0	25	170	150	150												
3086		122982400	10000	89100	0	0	25	170	150	150												
3087		128580000	10000	90500	0	0	25	170	150	150												
3088		129956800	10000	91700	2000	2000	25	170	150	150					2000		2000		2000			
3089		131093600	10000	93900	3000	3000	25	170	150	150					3000		3000		3000			
3090		134373600	10000	95100	4000	4000	25	170	150	150					4000		4000		4000			
3091		137643200	10000	96200	5000	5000	25	170	150	150					5000		5000		5000			
3092		140901600	10000	97400	6000	6000	25	170	150	150					6000		6000		6000			
3093		144149600	10000	98600	7000	7000	25	170	150	150					7000		7000		7000			
3094		147388800	10000	99600	8000	8000	25	170	150	150					8000		8000		8000			
3095		150617600	10000	100800	9000	9000	25	170	150	150					9000		9000		9000			
3096		153838400	10000	101900	10000	10000	25	170	150	150					10000		10000		10000			
3097		157050400	10000	103100	11000	11000	25	170	150	150					11000		11000		11000			
3098		160254400	10000	104300	12000	12000	25	170	150	150					12000		12000		12000			
3099		163450400	10000	105300	13000	13000	25	170	150	150					13000		13000		13000			
3100		166638400	10000	106500	14000	14000	25	170	150	150					14000		14000		14000			
3101		169820000	10000	107600	15000	15000	25	170	150	150					15000		15000		15000			
3102		172994400	10000	108800	16000	16000	25	170	150	150					16000		16000		16000			
3103		176162400	10000	110000	17000	17000	25	170	150	150					17000		17000		17000			
3104		179323200	10000	111000	18000	18000	25	170	150	150					18000		18000		18000			
3105		178900800	10000	112200	19000	19000	25	170	150	150					19000		19000		19000			
3106		178488000	10000	113300	20000	20000	25	170	150	150					20000		20000		20000			
3107		178086400	10000	114500	21000	21000	25	170	150	150					21000		21000		21000			
3108		177694400	10000	115700	22000	22000	25	170	150	150					22000		22000		22000			
3109		177311200	10000	116700	23000	23000	25	170	150	150					23000		23000		23000			
3110		176937600	10000	117900	24000	24000	25	170	150	150					24000		24000		24000			
3111		176572800	10000	119000	25000	25000	25	170	150	150					25000		25000		25000			
3112		176216000	10000	120200	26000	26000	25	170	150	150					26000		26000		26000			
3113		175868000	10000	121400	27000	27000	25	170	150	150					27000		27000		27000			
3114		175528000	10000	122400	28000	28000	25	170	150	150					28000		28000		28000			
3115		175195200	10000	123600	29000	29000	25	170	150	150					29000		29000		29000			
3116		174869600	10000	124700	30000	30000	25	170	150	150					30000		30000		30000			
3117		174552000	10000	125900	31000	31000	25	170	150	150					31000		31000		31000			
3118		174240000	10000	127100	32000	32000	25	170	150	150					32000		32000		32000			
3119		173936000	10000	128100	33000	33000	25	170	150	150					33000		33000		33000			
3120		173637600	10000	129300	34000	34000	25	170	150	150					34000		34000		34000			
3121		173346400	10000	130400	35000	35000	25	170	150	150					35000		35000		35000			
3122		173060000	10000	131600	36000	36000	25	170	150	150					36000		36000		36000			
3123		172780800	10000	132800	37000	37000	25	170	150	150					37000		37000		37000			
3124		172506400	10000	133800	38000	38000	25	170	150	150					38000		38000		38000			
3125		172237600	10000	135000	39000	39000	25	170	150	150					39000		39000		39000			
3126		171974400	10000	136100	40000	40000	25	170	150	150					40000		40000		40000			
3127		171716800	10000	137300	41000	41000	25	170	150	150					41000		41000		41000			
3128		171464000	10000	138500	42000	42000	25	170	150	150					42000		42000		42000			
3129		171216000	10000	139500	43000	43000	25	170	150	150					43000		43000		43000			
3130		170972800	10000	140700	44000	44000	25	170	150	150					44000		44000		44000			
3131		170734400	10000	141800	45000	45000	25	170	150	150					45000		45000		45000			
3132		170500000	10000	143000	46000	46000	25	170	150	150					46000		46000		46000			
3133		169911200	10000	143900	47000	47000	25	170	150	150					47000		47000		47000			
3134		169333600	10000	144600	48000	48000	25	170	150	150					48000		48000		48000			
3135		169911200	10000	146400	49000	49000	25	170	150	150					49000		49000		49000			
3136		170479200	10000	148200	50000	50000	25	170	150	150					50000		50000		50000			
3137		169912000	10000	149100	51000	51000	25	170	150	150					51000		51000		51000			
3138		169354400	10000	149900	52000	52000	25	170	150	150					52000		52000		52000			
3139		168807200	10000	150800	53000	53000	25	170	150	150					53000		53000		53000			
3140		168269600	10000	151500	54000	54000	25	170	150	150					54000		54000		54000			
3141		167741600	10000	152400	55000	55000	25	170	150	150					55000		55000		55000			
3142		167222400	10000	153300	56000	56000	25	170	150	150					56000		56000		56000			
3143		166712000	10000	154100	57000	57000	25	170	150	150					57000		57000		57000			
3144		166210400	10000	155000	58000	58000	25	170	150	150					58000		58000		58000			
3145		165717600	10000	155700	59000	59000	25	170	150	150					59000		59000		59000			
3146		165232000	10000	156600	60000	60000	25	170	150	150					60000		60000		60000			
3147		166128000	10000	157500	60000	60000	25	170	150	150					60000		60000		60000			
3148		167024000	10000	158300	60000	60000	25	170	150	150					60000		60000		60000			
3149		167920000	10000	159200	60000	60000	25	170	150	150					60000		60000		60000			
3150		168816000	10000	159900	60000	60000	25	170	150	150					60000		60000		60000			
3151		169712000	10000	160800	60000	60000	25	170	150	150					60000		60000		60000			
3152		170608000	10000	161700	60000	60000	25	170	150	150					60000		60000		60000			
3153		171504000	10000	162500	60000	60000	25	170	150	150					60000		60000		60000			
3154		172400000	10000	163400	60000	60000	25	170	150	150					60000		60000		60000			
3155		173296000	10000	164100	60000	60000	25	170	150	150					60000		60000		60000			
3156		174192000	10000	165000	60000	60000	25	170	150	150					60000		60000		60000			
3157		175088000	10000	165900	60000	60000	25	170	150	150					60000		60000		60000			
3158		175984000	10000	166700	60000	60000	25	170	150	150					60000		60000		60000			
3159		176880000	10000	167600	60000	60000	25	170	150	150					60000		60000		60000			
3160		177776000	10000	168300	60000	60000	25	170	150	150					60000		60000		60000			
3161		178672000	10000	169200	60000	60000	25	170	150	150					60000		60000		60000			
3162		179568000	10000	170100	60000	60000	25	170	150	150					60000		60000		60000			
3163		180464000	10000	170900	60000	60000	25	170	150	150					60000		60000		60000			
3164		181360000	10000	171800	60000	60000	25	170	150	150					60000		60000		60000			
3165		182256000	10000	172500	60000	60000	25	170	150	150					60000		60000		60000			
3166		183152000	10000	173400	60000	60000	25	170	150	150					60000		60000		60000			
3167		184048000	10000	174300	60000	60000	25	170	150	150					60000		60000		60000			
3168		184944000	10000	175100	60000	60000	25	170	150	150					60000		60000		60000			
3169		185840000	10000	176000	60000	60000	25	170	150	150					60000		60000		60000			
3170		186736000	10000	176700	60000	60000	25	170	150	150					60000		60000		60000			
4001		1754800	10000	8700	0	0	25	170	150	150												
4002		2010000	10000	9400	0	0	25	170	150	150												
4003		2272200	10000	10500	0	0	25	170	150	150												
4004		2539700	10000	11200	0	0	25	170	150	150												
4005		2814300	10000	12300	0	0	25	170	150	150												
4006		3094100	10000	13300	0	0	25	170	150	150												
4007		3382800	10000	14200	0	0	25	170	150	150												
4008		3676700	10000	15300	0	0	25	170	150	150												
4009		3975900	10000	16200	0	0	25	170	150	150												
4010		4283900	10000	17200	0	0	25	170	150	150												
4011		4597200	10000	18400	0	0	25	170	150	150												
4012		4977300	10000	19300	0	0	25	170	150	150												
4013		5369800	10000	20300	0	0	25	170	150	150												
4014		5776400	10000	21200	0	0	25	170	150	150												
4015		6195200	10000	22300	0	0	25	170	150	150												
4016		6628200	10000	23300	0	0	25	170	150	150												
4017		7073500	10000	24200	0	0	25	170	150	150												
4018		7531100	10000	25300	0	0	25	170	150	150												
4019		8002800	10000	26300	0	0	25	170	150	150												
4020		8555400	10000	27500	0	0	25	170	150	150												
4021		9081600	10000	28600	0	0	25	170	150	150												
4022		9717000	10000	29900	0	0	25	170	150	150												
4023		10373500	10000	31000	0	0	25	170	150	150												
4024		10973600	10000	31900	0	0	25	170	150	150												
4025		11718100	10000	33200	0	0	25	170	150	150												
4026		12719600	10000	35000	0	0	25	170	150	150												
4027		13092700	10000	36300	0	0	25	170	150	150												
4028		13898800	10000	37400	0	0	25	170	150	150												
4029		14729500	10000	38700	0	0	25	170	150	150												
4030		15583100	10000	40100	0	0	25	170	150	150												
4031		16461300	10000	41500	0	0	25	170	150	150												
4032		17362400	10000	42900	0	0	25	170	150	150												
4033		18425500	10000	44000	0	0	25	170	150	150												
4034		19518400	10000	45600	0	0	25	170	150	150												
4035		20944000	10000	47400	0	0	25	170	150	150												
4036		22047600	10000	48800	0	0	25	170	150	150												
4037		23179200	10000	50000	0	0	25	170	150	150												
4038		24340800	10000	51300	0	0	25	170	150	150												
4039		25528800	10000	52500	0	0	25	170	150	150												
4040		26973800	10000	54400	0	0	25	170	150	150												
4041		28410000	10000	56000	0	0	25	170	150	150												
4042		29884800	10000	57800	0	0	25	170	150	150												
4043		31396700	10000	59300	0	0	25	170	150	150												
4044		32945500	10000	61100	0	0	25	170	150	150												
4045		34531200	10000	62600	0	0	25	170	150	150												
4046		36023700	10000	64200	0	0	25	170	150	150												
4047		37136000	10000	66200	0	0	25	170	150	150												
4048		38818600	10000	68200	0	0	25	170	150	150												
4049		40745800	10000	69700	0	0	25	170	150	150												
4050		42720500	10000	71600	0	0	25	170	150	150												
4051		44741000	10000	73400	0	0	25	170	150	150												
4052		46719200	10000	75200	0	0	25	170	150	150												
4053		48739700	10000	76800	0	0	25	170	150	150												
4054		50802400	10000	78400	0	0	25	170	150	150												
4055		52907400	10000	80200	0	0	25	170	150	150												
4056		55054600	10000	81800	0	0	25	170	150	150												
4057		57244000	10000	83400	0	0	25	170	150	150												
4058		61952000	10000	85200	0	0	25	170	150	150												
4059		65273200	10000	86500	0	0	25	170	150	150												
4060		66829000	10000	88900	0	0	25	170	150	150												
4061		70843600	10000	90800	0	0	25	170	150	150												
4062		74965500	10000	93100	0	0	25	170	150	150												
4063		79194800	10000	94900	0	0	25	170	150	150												
4064		83529600	10000	97200	0	0	25	170	150	150												
4065		87973600	10000	99500	0	0	25	170	150	150												
4066		92523200	10000	101700	0	0	25	170	150	150												
4067		97180200	10000	104000	0	0	25	170	150	150												
4068		101944500	10000	105900	0	0	25	170	150	150												
4069		110119700	10000	108100	0	0	25	170	150	150												
4070		118110100	10000	109800	0	0	25	170	150	150												
4071		126297600	10000	111500	0	0	25	170	150	150												
4072		134682300	10000	113200	0	0	25	170	150	150												
4073		143264000	10000	114900	0	0	25	170	150	150												
4074		152042900	10000	116500	0	0	25	170	150	150												
4075		161018900	10000	118400	0	0	25	170	150	150												
4076		170192000	10000	119900	0	0	25	170	150	150												
4077		180148400	10000	122100	0	0	25	170	150	150												
4078		185639600	10000	125500	0	0	25	170	150	150												
4079		196050000	10000	127600	0	0	25	170	150	150												
4080		206701500	10000	129800	0	0	25	170	150	150												
4081		217594100	10000	131800	0	0	25	170	150	150												
4082		228729600	10000	133900	0	0	25	170	150	150												
4083		240108000	10000	135900	0	0	25	170	150	150												
4084		246655200	10000	139500	0	0	25	170	150	150												
4085		258487700	10000	141600	0	0	25	170	150	150												
4086		270561300	10000	143600	0	0	25	170	150	150												
4087		282876000	10000	145800	0	0	25	170	150	150												
4088		285905000	10000	147800	2000	2000	25	170	150	150					2000		2000		2000			
4089		288406000	10000	151300	3000	3000	25	170	150	150					3000		3000		3000			
4090		295622000	10000	153200	4000	4000	25	170	150	150					4000		4000		4000			
4091		302815100	10000	155000	5000	5000	25	170	150	150					5000		5000		5000			
4092		309983600	10000	157000	6000	6000	25	170	150	150					6000		6000		6000			
4093		317129200	10000	158800	7000	7000	25	170	150	150					7000		7000		7000			
4094		324255400	10000	160500	8000	8000	25	170	150	150					8000		8000		8000			
4095		331358800	10000	162500	9000	9000	25	170	150	150					9000		9000		9000			
4096		338444500	10000	164100	10000	10000	25	170	150	150					10000		10000		10000			
4097		345510900	10000	166100	11000	11000	25	170	150	150					11000		11000		11000			
4098		352559700	10000	168100	12000	12000	25	170	150	150					12000		12000		12000			
4099		359590900	10000	169600	13000	13000	25	170	150	150					13000		13000		13000			
4100		366604500	10000	171600	14000	14000	25	170	150	150					14000		14000		14000			
4101		373604000	10000	173400	15000	15000	25	170	150	150					15000		15000		15000			
4102		380587700	10000	175300	16000	16000	25	170	150	150					16000		16000		16000			
4103		387557300	10000	177200	17000	17000	25	170	150	150					17000		17000		17000			
4104		394511100	10000	178800	18000	18000	25	170	150	150					18000		18000		18000			
4105		393581800	10000	180800	19000	19000	25	170	150	150					19000		19000		19000			
4106		392673600	10000	182500	20000	20000	25	170	150	150					20000		20000		20000			
4107		391790100	10000	184400	21000	21000	25	170	150	150					21000		21000		21000			
4108		390927700	10000	186400	22000	22000	25	170	150	150					22000		22000		22000			
4109		390084700	10000	188100	23000	23000	25	170	150	150					23000		23000		23000			
4110		389262800	10000	189900	24000	24000	25	170	150	150					24000		24000		24000			
4111		388460200	10000	191700	25000	25000	25	170	150	150					25000		25000		25000			
4112		387675200	10000	193700	26000	26000	25	170	150	150					26000		26000		26000			
4113		386909600	10000	195600	27000	27000	25	170	150	150					27000		27000		27000			
4114		386161600	10000	197200	28000	28000	25	170	150	150					28000		28000		28000			
4115		385429500	10000	199100	29000	29000	25	170	150	150					29000		29000		29000			
4116		384713200	10000	201000	30000	30000	25	170	150	150					30000		30000		30000			
4117		384014400	10000	202800	31000	31000	25	170	150	150					31000		31000		31000			
4118		383328000	10000	204700	32000	32000	25	170	150	150					32000		32000		32000			
4119		382659200	10000	206400	33000	33000	25	170	150	150					33000		33000		33000			
4120		382002800	10000	208200	34000	34000	25	170	150	150					34000		34000		34000			
4121		381362100	10000	210100	35000	35000	25	170	150	150					35000		35000		35000			
4122		380732000	10000	212000	36000	36000	25	170	150	150					36000		36000		36000			
4123		380117800	10000	214000	37000	37000	25	170	150	150					37000		37000		37000			
4124		379514100	10000	215500	38000	38000	25	170	150	150					38000		38000		38000			
4125		378922800	10000	217500	39000	39000	25	170	150	150					39000		39000		39000			
4126		378343700	10000	219300	40000	40000	25	170	150	150					40000		40000		40000			
4127		377777000	10000	221100	41000	41000	25	170	150	150					41000		41000		41000			
4128		377220800	10000	223100	42000	42000	25	170	150	150					42000		42000		42000			
4129		376675200	10000	224800	43000	43000	25	170	150	150					43000		43000		43000			
4130		376140200	10000	226700	44000	44000	25	170	150	150					44000		44000		44000			
4131		375615700	10000	228400	45000	45000	25	170	150	150					45000		45000		45000			
4132		375100000	10000	230400	46000	46000	25	170	150	150					46000		46000		46000			
4133		373804700	10000	231800	47000	47000	25	170	150	150					47000		47000		47000			
4134		372534000	10000	232900	48000	48000	25	170	150	150					48000		48000		48000			
4135		373804700	10000	235800	49000	49000	25	170	150	150					49000		49000		49000			
4136		375054300	10000	238800	50000	50000	25	170	150	150					50000		50000		50000			
4137		373806400	10000	240200	51000	51000	25	170	150	150					51000		51000		51000			
4138		372579700	10000	241400	52000	52000	25	170	150	150					52000		52000		52000			
4139		371375900	10000	243000	53000	53000	25	170	150	150					53000		53000		53000			
4140		370193200	10000	244100	54000	54000	25	170	150	150					54000		54000		54000			
4141		369031600	10000	245500	55000	55000	25	170	150	150					55000		55000		55000			
4142		367889300	10000	246900	56000	56000	25	170	150	150					56000		56000		56000			
4143		366766400	10000	248300	57000	57000	25	170	150	150					57000		57000		57000			
4144		365662900	10000	249700	58000	58000	25	170	150	150					58000		58000		58000			
4145		364578800	10000	250800	59000	59000	25	170	150	150					59000		59000		59000			
4146		363510400	10000	252200	60000	60000	25	170	150	150					60000		60000		60000			
4147		365481600	10000	253700	60000	60000	25	170	150	150					60000		60000		60000			
4148		367452800	10000	255000	60000	60000	25	170	150	150					60000		60000		60000			
4149		369424000	10000	256400	60000	60000	25	170	150	150					60000		60000		60000			
4150		371395200	10000	257500	60000	60000	25	170	150	150					60000		60000		60000			
4151		373366400	10000	259100	60000	60000	25	170	150	150					60000		60000		60000			
4152		375337600	10000	260500	60000	60000	25	170	150	150					60000		60000		60000			
4153		377308800	10000	261700	60000	60000	25	170	150	150					60000		60000		60000			
4154		379280000	10000	263300	60000	60000	25	170	150	150					60000		60000		60000			
4155		381251200	10000	264400	60000	60000	25	170	150	150					60000		60000		60000			
4156		383222400	10000	265800	60000	60000	25	170	150	150					60000		60000		60000			
4157		385193600	10000	267200	60000	60000	25	170	150	150					60000		60000		60000			
4158		387164800	10000	268600	60000	60000	25	170	150	150					60000		60000		60000			
4159		389136000	10000	270000	60000	60000	25	170	150	150					60000		60000		60000			
4160		391107200	10000	271100	60000	60000	25	170	150	150					60000		60000		60000			
4161		393078400	10000	272500	60000	60000	25	170	150	150					60000		60000		60000			
4162		395049600	10000	274000	60000	60000	25	170	150	150					60000		60000		60000			
4163		397020800	10000	275300	60000	60000	25	170	150	150					60000		60000		60000			
4164		398992000	10000	276700	60000	60000	25	170	150	150					60000		60000		60000			
4165		400963200	10000	277800	60000	60000	25	170	150	150					60000		60000		60000			
4166		402934400	10000	279400	60000	60000	25	170	150	150					60000		60000		60000			
4167		404905600	10000	280800	60000	60000	25	170	150	150					60000		60000		60000			
4168		406876800	10000	282000	60000	60000	25	170	150	150					60000		60000		60000			
4169		408848000	10000	283400	60000	60000	25	170	150	150					60000		60000		60000			
4170		410819200	10000	284700	60000	60000	25	170	150	150					60000		60000		60000			
5001		10000	10000	4900	0	0	10	150	115	115												
5002		11500	10000	5300	0	0	10	150	115	115												
5003		13000	10000	5800	0	0	10	150	115	115												
5004		14500	10000	6200	0	0	10	150	115	115												
5005		16000	10000	6700	0	0	10	150	115	115												
5006		17600	10000	7200	0	0	10	150	115	115												
5007		19300	10000	7600	0	0	10	150	115	115												
5008		20900	10000	8100	0	0	10	150	115	115												
5009		22600	10000	8500	0	0	10	150	115	115												
5010		24400	10000	9000	0	0	10	150	115	115												
5011		26200	10000	9500	0	0	10	150	115	115												
5012		28300	10000	9900	0	0	10	150	115	115												
5013		30600	10000	10400	0	0	10	150	115	115												
5014		32900	10000	10800	0	0	10	150	115	115												
5015		35200	10000	11300	0	0	10	150	115	115												
5016		37700	10000	11800	0	0	10	150	115	115												
5017		40200	10000	12200	0	0	10	150	115	115												
5018		42800	10000	12700	0	0	10	150	115	115												
5019		45500	10000	13100	0	0	10	150	115	115												
5020		48700	10000	13700	0	0	10	150	115	115												
5021		51600	10000	14200	0	0	10	150	115	115												
5022		55300	10000	14700	0	0	10	150	115	115												
5023		59000	10000	15200	0	0	10	150	115	115												
5024		62400	10000	15600	0	0	10	150	115	115												
5025		66600	10000	16200	0	0	10	150	115	115												
5026		72300	10000	17000	0	0	10	150	115	115												
5027		74400	10000	17500	0	0	10	150	115	115												
5028		79000	10000	18000	0	0	10	150	115	115												
5029		83700	10000	18600	0	0	10	150	115	115												
5030		88600	10000	19100	0	0	10	150	115	115												
5031		93600	10000	19700	0	0	10	150	115	115												
5032		98700	10000	20300	0	0	10	150	115	115												
5033		104700	10000	20800	0	0	10	150	115	115												
5034		110900	10000	21400	0	0	10	150	115	115												
5035		119000	10000	22200	0	0	10	150	115	115												
5036		125300	10000	22700	0	0	10	150	115	115												
5037		131700	10000	23200	0	0	10	150	115	115												
5038		138300	10000	23700	0	0	10	150	115	115												
5039		145100	10000	24200	0	0	10	150	115	115												
5040		153300	10000	24900	0	0	10	150	115	115												
5041		161500	10000	25600	0	0	10	150	115	115												
5042		169800	10000	26300	0	0	10	150	115	115												
5043		178400	10000	26900	0	0	10	150	115	115												
5044		187200	10000	27600	0	0	10	150	115	115												
5045		196200	10000	28200	0	0	10	150	115	115												
5046		204700	10000	28800	0	0	10	150	115	115												
5047		211000	10000	29600	0	0	10	150	115	115												
5048		220600	10000	30300	0	0	10	150	115	115												
5049		231600	10000	30900	0	0	10	150	115	115												
5050		242800	10000	31600	0	0	10	150	115	115												
5051		254300	10000	32300	0	0	10	150	115	115												
5052		265500	10000	32900	0	0	10	150	115	115												
5053		277000	10000	33500	0	0	10	150	115	115												
5054		288700	10000	34100	0	0	10	150	115	115												
5055		300700	10000	34700	0	0	10	150	115	115												
5056		312900	10000	35300	0	0	10	150	115	115												
5057		325300	10000	35900	0	0	10	150	115	115												
5058		352000	10000	36500	0	0	10	150	115	115												
5059		370900	10000	36900	0	0	10	150	115	115												
5060		379800	10000	37800	0	0	10	150	115	115												
5061		402600	10000	38500	0	0	10	150	115	115												
5062		426000	10000	39300	0	0	10	150	115	115												
5063		450000	10000	40000	0	0	10	150	115	115												
5064		474600	10000	40800	0	0	10	150	115	115												
5065		499900	10000	41600	0	0	10	150	115	115												
5066		525700	10000	42300	0	0	10	150	115	115												
5067		552200	10000	43100	0	0	10	150	115	115												
5068		579300	10000	43800	0	0	10	150	115	115												
5069		625700	10000	44700	0	0	10	150	115	115												
5070		671100	10000	45400	0	0	10	150	115	115												
5071		717600	10000	46100	0	0	10	150	115	115												
5072		765300	10000	46800	0	0	10	150	115	115												
5073		814000	10000	47500	0	0	10	150	115	115												
5074		863900	10000	48200	0	0	10	150	115	115												
5075		914900	10000	48900	0	0	10	150	115	115												
5076		967000	10000	49600	0	0	10	150	115	115												
5077		1023600	10000	50500	0	0	10	150	115	115												
5078		1054800	10000	51900	0	0	10	150	115	115												
5079		1114000	10000	52800	0	0	10	150	115	115												
5080		1174500	10000	53700	0	0	10	150	115	115												
5081		1236400	10000	54500	0	0	10	150	115	115												
5082		1299600	10000	55400	0	0	10	150	115	115												
5083		1364300	10000	56200	0	0	10	150	115	115												
5084		1401500	10000	57700	0	0	10	150	115	115												
5085		1468700	10000	58600	0	0	10	150	115	115												
5086		1537300	10000	59400	0	0	10	150	115	115												
5087		1607300	10000	60300	0	0	10	150	115	115												
5088		1624500	10000	61100	2000	2000	10	150	115	115					2000		2000		2000			
5089		1638700	10000	62600	3000	3000	10	150	115	115					3000		3000		3000			
5090		1679700	10000	63400	4000	4000	10	150	115	115					4000		4000		4000			
5091		1720600	10000	64100	5000	5000	10	150	115	115					5000		5000		5000			
5092		1761300	10000	64900	6000	6000	10	150	115	115					6000		6000		6000			
5093		1801900	10000	65700	7000	7000	10	150	115	115					7000		7000		7000			
5094		1842400	10000	66400	8000	8000	10	150	115	115					8000		8000		8000			
5095		1882800	10000	67200	9000	9000	10	150	115	115					9000		9000		9000			
5096		1923000	10000	67900	10000	10000	10	150	115	115					10000		10000		10000			
5097		1963200	10000	68700	11000	11000	10	150	115	115					11000		11000		11000			
5098		2003200	10000	69500	12000	12000	10	150	115	115					12000		12000		12000			
5099		2043200	10000	70200	13000	13000	10	150	115	115					13000		13000		13000			
5100		2083000	10000	71000	14000	14000	10	150	115	115					14000		14000		14000			
5101		2122800	10000	71700	15000	15000	10	150	115	115					15000		15000		15000			
5102		2162500	10000	72500	16000	16000	10	150	115	115					16000		16000		16000			
5103		2202100	10000	73300	17000	17000	10	150	115	115					17000		17000		17000			
5104		2241600	10000	74000	18000	18000	10	150	115	115					18000		18000		18000			
5105		2236300	10000	74800	19000	19000	10	150	115	115					19000		19000		19000			
5106		2231100	10000	75500	20000	20000	10	150	115	115					20000		20000		20000			
5107		2226100	10000	76300	21000	21000	10	150	115	115					21000		21000		21000			
5108		2221200	10000	77100	22000	22000	10	150	115	115					22000		22000		22000			
5109		2216400	10000	77800	23000	23000	10	150	115	115					23000		23000		23000			
5110		2211800	10000	78600	24000	24000	10	150	115	115					24000		24000		24000			
5111		2207200	10000	79300	25000	25000	10	150	115	115					25000		25000		25000			
5112		2202700	10000	80100	26000	26000	10	150	115	115					26000		26000		26000			
5113		2198400	10000	80900	27000	27000	10	150	115	115					27000		27000		27000			
5114		2194100	10000	81600	28000	28000	10	150	115	115					28000		28000		28000			
5115		2190000	10000	82400	29000	29000	10	150	115	115					29000		29000		29000			
5116		2185900	10000	83100	30000	30000	10	150	115	115					30000		30000		30000			
5117		2181900	10000	83900	31000	31000	10	150	115	115					31000		31000		31000			
5118		2178000	10000	84700	32000	32000	10	150	115	115					32000		32000		32000			
5119		2174200	10000	85400	33000	33000	10	150	115	115					33000		33000		33000			
5120		2170500	10000	86200	34000	34000	10	150	115	115					34000		34000		34000			
5121		2166900	10000	86900	35000	35000	10	150	115	115					35000		35000		35000			
5122		2163300	10000	87700	36000	36000	10	150	115	115					36000		36000		36000			
5123		2159800	10000	88500	37000	37000	10	150	115	115					37000		37000		37000			
5124		2156400	10000	89200	38000	38000	10	150	115	115					38000		38000		38000			
5125		2153000	10000	90000	39000	39000	10	150	115	115					39000		39000		39000			
5126		2149700	10000	90700	40000	40000	10	150	115	115					40000		40000		40000			
5127		2146500	10000	91500	41000	41000	10	150	115	115					41000		41000		41000			
5128		2143300	10000	92300	42000	42000	10	150	115	115					42000		42000		42000			
5129		2140200	10000	93000	43000	43000	10	150	115	115					43000		43000		43000			
5130		2137200	10000	93800	44000	44000	10	150	115	115					44000		44000		44000			
5131		2134200	10000	94500	45000	45000	10	150	115	115					45000		45000		45000			
5132		2131300	10000	95300	46000	46000	10	150	115	115					46000		46000		46000			
5133		2123900	10000	95900	47000	47000	10	150	115	115					47000		47000		47000			
5134		2116700	10000	96400	48000	48000	10	150	115	115					48000		48000		48000			
5135		2123900	10000	97600	49000	49000	10	150	115	115					49000		49000		49000			
5136		2131000	10000	98800	50000	50000	10	150	115	115					50000		50000		50000			
5137		2123900	10000	99400	51000	51000	10	150	115	115					51000		51000		51000			
5138		2117000	10000	99900	52000	52000	10	150	115	115					52000		52000		52000			
5139		2110100	10000	100500	53000	53000	10	150	115	115					53000		53000		53000			
5140		2103400	10000	101000	54000	54000	10	150	115	115					54000		54000		54000			
5141		2096800	10000	101600	55000	55000	10	150	115	115					55000		55000		55000			
5142		2090300	10000	102200	56000	56000	10	150	115	115					56000		56000		56000			
5143		2083900	10000	102700	57000	57000	10	150	115	115					57000		57000		57000			
5144		2077700	10000	103300	58000	58000	10	150	115	115					58000		58000		58000			
5145		2071500	10000	103800	59000	59000	10	150	115	115					59000		59000		59000			
5146		2065400	10000	104400	60000	60000	10	150	115	115					60000		60000		60000			
5147		2076600	10000	105000	60000	60000	10	150	115	115					60000		60000		60000			
5148		2087800	10000	105500	60000	60000	10	150	115	115					60000		60000		60000			
5149		2099000	10000	106100	60000	60000	10	150	115	115					60000		60000		60000			
5150		2110200	10000	106600	60000	60000	10	150	115	115					60000		60000		60000			
5151		2121400	10000	107200	60000	60000	10	150	115	115					60000		60000		60000			
5152		2132600	10000	107800	60000	60000	10	150	115	115					60000		60000		60000			
5153		2143800	10000	108300	60000	60000	10	150	115	115					60000		60000		60000			
5154		2155000	10000	108900	60000	60000	10	150	115	115					60000		60000		60000			
5155		2166200	10000	109400	60000	60000	10	150	115	115					60000		60000		60000			
5156		2177400	10000	110000	60000	60000	10	150	115	115					60000		60000		60000			
5157		2188600	10000	110600	60000	60000	10	150	115	115					60000		60000		60000			
5158		2199800	10000	111100	60000	60000	10	150	115	115					60000		60000		60000			
5159		2211000	10000	111700	60000	60000	10	150	115	115					60000		60000		60000			
5160		2222200	10000	112200	60000	60000	10	150	115	115					60000		60000		60000			
5161		2233400	10000	112800	60000	60000	10	150	115	115					60000		60000		60000			
5162		2244600	10000	113400	60000	60000	10	150	115	115					60000		60000		60000			
5163		2255800	10000	113900	60000	60000	10	150	115	115					60000		60000		60000			
5164		2267000	10000	114500	60000	60000	10	150	115	115					60000		60000		60000			
5165		2278200	10000	115000	60000	60000	10	150	115	115					60000		60000		60000			
5166		2289400	10000	115600	60000	60000	10	150	115	115					60000		60000		60000			
5167		2300600	10000	116200	60000	60000	10	150	115	115					60000		60000		60000			
5168		2311800	10000	116700	60000	60000	10	150	115	115					60000		60000		60000			
5169		2323000	10000	117300	60000	60000	10	150	115	115					60000		60000		60000			
5170		2334200	10000	117800	60000	60000	10	150	115	115					60000		60000		60000			
