Id	LinkId	CampId	Pos	Pos2	RotAngle	IsEnable	IdleAnimSet	AiLogic	AiParamDesc0	AiParam0	AiParamDesc1	AiParam1	AiParamDesc2	AiParam2	AiParamDesc3	AiParam3	AiParamDesc4	AiParam4	AiParamDesc5	AiParam5	AiParamDesc6	AiParam6	AiParamDesc7	AiParam7
20001	0	3	346.0889 1.08 232.8011		0	FALSE		0																
1001	101301	2	317.1107 0.3 225.8325		96.25643	FALSE	15|16	20001																
1002	101301	2	317.1121 0.2995479 227.6733		96.25643	FALSE	15|16	20001																
1003	101301	2	317.106 0.2985222 229.7362		96.25643	FALSE	15|16	20001																
1004	101301	2	317.1117 0.3040154 223.8103		96.25643	FALSE	15|16	20001																
1005	101301	2	319.6082 0.2975777 225.8303		96.25643	FALSE	15|16	20001																
1006	101301	2	319.6483 0.294709 227.6467		96.25643	FALSE	15|16	20001																
1007	101301	2	319.6443 0.294257 229.4379		96.25643	FALSE	15|16	20001																
1008	101301	2	319.6465 0.29205 224.1763		96.25643	FALSE	15|16	20001																
1009	101301	2	321.8656 0.2998312 227.6733		96.25643	FALSE	15|16	20001																
1010	101301	2	321.8595 0.2988055 229.7362		96.25643	FALSE	15|16	20001																
1011	101301	2	321.8652 0.3042986 223.8103		96.25643	FALSE	15|16	20001																
1012	101301	2	324.3617 0.2978604 225.8303		96.25643	FALSE	15|16	20001																
1013	101301	2	324.4018 0.2949923 227.6467		96.25643	FALSE	15|16	20001																
1014	101301	2	321.8643 0.3002833 225.8324		96.25643	FALSE	15|16	20001																
1015	101301	2	324.3978 0.2945402 229.4378		96.25643	FALSE	15|16	20001																
1016	101301	2	324.4001 0.2923332 224.1762		96.25643	FALSE	15|16	20001																
1017	101301	2	339.5505 0.3034695 220.6864		96.25643	FALSE	15|16	20001																
1018	101301	2	339.5444 0.3024438 222.7493		96.25643	FALSE	15|16	20001																
1019	101301	2	339.5501 0.307937 216.8234		96.25643	FALSE	15|16	20001																
1020	101301	2	342.0466 0.3015001 218.8434		96.25643	FALSE	15|16	20001																
1021	101301	2	342.0867 0.2986315 220.6598		96.25643	FALSE	15|16	20001																
1022	101301	2	339.5492 0.3039225 218.8456		96.25643	FALSE	15|16	20001																
1023	101301	2	342.0827 0.298179 222.4509		96.25643	FALSE	15|16	20001																
1024	101301	2	342.085 0.2959741 217.1893		96.25643	FALSE	15|16	20001																
1025	101301	2	344.3044 0.3005951 220.6883		96.25643	FALSE	15|16	20001																
1026	101301	2	344.2982 0.299569 222.7513		96.25643	FALSE	15|16	20001																
1027	101301	2	344.3039 0.3050612 216.8254		96.25643	FALSE	15|16	20001																
1028	101301	2	346.8405 0.2957552 220.6618		96.25643	FALSE	15|16	20001																
1029	101301	2	346.8004 0.2986239 218.8453		96.25643	FALSE	15|16	20001																
1030	101301	2	344.303 0.3010471 218.8475		96.25643	FALSE	15|16	20001																
1031	101301	2	346.8365 0.2953032 222.4529		96.25643	FALSE	15|16	20001																
1032	101301	2	346.8388 0.2930983 217.1913		96.25643	FALSE	15|16	20001																
1033	101301	2	339.7802 0.309171 211.899		96.25643	FALSE	15|16	20001																
1034	101301	2	339.7741 0.3081453 213.9619		96.25643	FALSE	15|16	20001																
1035	101301	2	342.3164 0.3043316 211.8725		96.25643	FALSE	15|16	20001																
1036	101301	2	339.7798 0.3136376 208.036		96.25643	FALSE	15|16	20001																
1037	101301	2	342.2763 0.3071998 210.056		96.25643	FALSE	15|16	20001																
1038	101301	2	342.3123 0.3038796 213.6636		96.25643	FALSE	15|16	20001																
1039	101301	2	339.7788 0.3096231 210.0582		96.25643	FALSE	15|16	20001																
1040	101301	2	342.3146 0.3016747 208.402		96.25643	FALSE	15|16	20001																
1041	101301	2	344.2988 0.2981423 212.2789		96.25643	FALSE	15|16	20001																
1042	101301	2	344.2927 0.2971171 214.3418		96.25643	FALSE	15|16	20001																
1043	101301	2	346.835 0.2933043 212.2523		96.25643	FALSE	15|16	20001																
1044	101301	2	344.2984 0.3026102 208.4159		96.25643	FALSE	15|16	20001																
1045	101301	2	346.7949 0.296172 210.4359		96.25643	FALSE	15|16	20001																
1046	101301	2	346.8309 0.2928522 214.0434		96.25643	FALSE	15|16	20001																
1047	101301	2	344.2974 0.2985952 210.438		96.25643	FALSE	15|16	20001																
1048	101301	2	346.8332 0.2906464 208.7818		96.25643	FALSE	15|16	20001																
1049	101301	2	348.752 0.2985333 220.6836		96.25643	FALSE	15|16	20001																
1050	101301	2	348.7458 0.297509 222.7466		96.25643	FALSE	15|16	20001																
1051	101301	2	351.2881 0.2936953 220.6571		96.25643	FALSE	15|16	20001																
1052	101301	2	348.7515 0.3030012 216.8206		96.25643	FALSE	15|16	20001																
1053	101301	2	351.248 0.296563 218.8406		96.25643	FALSE	15|16	20001																
1054	101301	2	351.2841 0.2932432 222.4482		96.25643	FALSE	15|16	20001																
1055	101301	2	348.7506 0.2989853 218.8428		96.25643	FALSE	15|16	20001																
1056	101301	2	351.2864 0.2910374 217.1866		96.25643	FALSE	15|16	20001																
1057	101301	2	348.6508 0.294937 211.9828		96.25643	FALSE	15|16	20001																
1058	101301	2	348.6447 0.2939108 214.0457		96.25643	FALSE	15|16	20001																
1059	101301	2	351.187 0.290098 211.9563		96.25643	FALSE	15|16	20001																
1060	101301	2	348.6504 0.2994049 208.1198		96.25643	FALSE	15|16	20001																
1061	101301	2	351.1469 0.2929657 210.1398		96.25643	FALSE	15|16	20001																
1062	101301	2	351.183 0.289645 213.7474		96.25643	FALSE	15|16	20001																
1063	101301	2	348.6495 0.295389 210.142		96.25643	FALSE	15|16	20001																
1064	101301	2	351.1853 0.2874411 208.4858		96.25643	FALSE	15|16	20001																
1065	101301	2	324.3913 0.2920368 235.4443		96.25643	FALSE	15|16	20001																
1066	101301	2	339.5436 0.3054321 222.8299		96.25643	FALSE	15|16	20001																
1067	101301	2	342.0762 0.2956737 228.4574		96.25643	FALSE	15|16	20001																
1068	101301	2	344.2918 0.2970641 228.7578		96.25643	FALSE	15|16	20001																
1069	101301	2	344.2979 0.2980898 226.6948		96.25643	FALSE	15|16	20001																
1070	101301	2	339.538 0.2999395 228.7558		96.25643	FALSE	15|16	20001																
1071	101301	2	342.0803 0.2961262 226.6663		96.25643	FALSE	15|16	20001																
1072	101301	2	339.7737 0.3066671 217.9055		96.25643	FALSE	15|16	20001																
1073	101301	2	324.3936 0.28983 230.1827		96.25643	FALSE	15|16	20001																
1074	101301	2	342.3082 0.2991698 214.4084		96.25643	FALSE	15|16	20001																
1075	101301	2	351.2817 0.2911919 226.6635		96.25643	FALSE	15|16	20001																
1076	101301	2	348.7441 0.296481 224.8493		96.25643	FALSE	15|16	20001																
1077	101301	2	339.7733 0.3111332 214.0425		96.25643	FALSE	15|16	20001																
1078	101301	2	342.0785 0.2934697 223.1958		96.25643	FALSE	15|16	20001																
1079	101301	2	346.8285 0.2907999 218.2588		96.25643	FALSE	15|16	20001																
1080	101301	2	351.2799 0.288534 223.1931		96.25643	FALSE	15|16	20001																
1081	101301	2	344.2923 0.2956379 218.2853		96.25643	FALSE	15|16	20001																
1082	101301	2	348.7451 0.3004959 222.8271		96.25643	FALSE	15|16	20001																
1083	101301	2	339.7676 0.3056405 219.9684		96.25643	FALSE	15|16	20001																
1084	101301	2	344.2975 0.3025568 222.8318		96.25643	FALSE	15|16	20001																
1085	101301	2	342.3059 0.3013752 219.67		96.25643	FALSE	15|16	20001																
1086	101301	2	344.2919 0.3001049 214.4223		96.25643	FALSE	15|16	20001																
1087	101301	2	346.794 0.2961186 224.8518		96.25643	FALSE	15|16	20001																
1088	101301	2	344.2965 0.2985418 224.854		96.25643	FALSE	15|16	20001																
1089	101301	2	351.2416 0.2940586 224.8471		96.25643	FALSE	15|16	20001																
1090	101301	2	346.8341 0.2932499 226.6683		96.25643	FALSE	15|16	20001																
1091	101301	2	348.7455 0.2960289 226.6901		96.25643	FALSE	15|16	20001																
1092	101301	2	339.7724 0.3071182 216.0647		96.25643	FALSE	15|16	20001																
1093	101301	2	351.1405 0.2904623 216.1463		96.25643	FALSE	15|16	20001																
1094	101301	2	339.5441 0.3009651 226.6928		96.25643	FALSE	15|16	20001																
1095	101301	2	351.2776 0.2907389 228.4546		96.25643	FALSE	15|16	20001																
1096	101301	2	346.8245 0.2903469 220.0499		96.25643	FALSE	15|16	20001																
1097	101301	2	342.2698 0.3046954 216.0625		96.25643	FALSE	15|16	20001																
1098	101301	2	346.8268 0.2881401 214.7883		96.25643	FALSE	15|16	20001																
1099	101301	2	346.8323 0.290593 223.1978		96.25643	FALSE	15|16	20001																
1100	101301	2	348.6444 0.2924326 217.9893		96.25643	FALSE	15|16	20001																
1101	101301	2	348.6383 0.2914055 220.0522		96.25643	FALSE	15|16	20001																
1102	101301	2	342.3099 0.3018273 217.8789		96.25643	FALSE	15|16	20001																
1103	101301	2	344.2862 0.2946127 220.3483		96.25643	FALSE	15|16	20001																
1104	101301	2	344.291 0.2960919 216.4445		96.25643	FALSE	15|16	20001																
1105	101301	2	351.1806 0.2875937 217.9627		96.25643	FALSE	15|16	20001																
1106	101301	2	348.643 0.2928827 216.1484		96.25643	FALSE	15|16	20001																
1107	101301	2	351.1765 0.2871407 219.7538		96.25643	FALSE	15|16	20001																
1108	101301	2	342.0402 0.2989953 224.8498		96.25643	FALSE	15|16	20001																
1109	101301	2	339.5427 0.3014181 224.852		96.25643	FALSE	15|16	20001																
1110	101301	2	346.7884 0.2936657 216.4423		96.25643	FALSE	15|16	20001																
1111	101301	2	348.7394 0.2950028 228.753		96.25643	FALSE	15|16	20001																
1112	101301	2	346.83 0.2927979 228.4594		96.25643	FALSE	15|16	20001																
1113	101301	2	348.644 0.2969006 214.1263		96.25643	FALSE	15|16	20001																
1114	101301	2	351.1788 0.2849358 214.4922		96.25643	FALSE	15|16	20001																
