Id	LinkId	Desc	CampId	Pos	Pos2	RotAngle	IsEnable	IdleAnimSet	AiLogic	AiParamDesc0	AiParam0	AiParamDesc1	AiParam1	AiParamDesc2	AiParam2	AiParamDesc3	AiParam3	AiParamDesc4	AiParam4	AiParamDesc5	AiParam5	AiParamDesc6	AiParam6	AiParamDesc7	AiParam7
20001	1		3	82.57524 150.0859 10.98451		235.33	FALSE		0																
20002	2		3	82.57524 150.0859 10.98451		235.33	FALSE		0																
#A区																									
1001	106701	矿工锄头	2	73.27051 150.504 15.33875		276.1357	FALSE	15|16|17	20001		0														
1002	106701	矿工锄头	2	75.56492 150.4875 18.74533		55.3235	FALSE	15|16|17	20001		0														
#1003	106701	矿工锄头	2	68.29667 150.497 16.0106		343.2439	FALSE	15|16|17	20001		0														
1004	106701	矿工锄头	2	71.97493 150.5081 18.46278		301.486	FALSE	15|16|17	20001		0														
1005	106702	矿工水晶爆破者	2	73.97904 150.4917 21.14847		111.5594	FALSE	15|16|17	20002		0														
#1006	106702	矿工水晶爆破者	2	72.18434 150.5087 23.6501		264.2877	FALSE	15|16|17	20002		0														
1007	106702	矿工水晶爆破者	2	68.82126 150.4817 19.3449		201.7341	FALSE	15|16|17	20002		0														
1101	106704	小鼠人	2	57.58904 150.5092 22.62109		276.1357	FALSE	15|16|17	20005		0				105300										
1102	106704	小鼠人	2	57.72504 150.5092 25.5143		55.3235	FALSE	15|16|17	20001		0														
#1103	106704	小鼠人	2	58.87164 150.5092 27.72422		343.2439	FALSE	15|16|17	20005		0				105300										
1104	106704	小鼠人	2	60.44369 150.5092 26.35935		301.486	FALSE	15|16|17	20001		0														
#1105	106704	小鼠人	2	59.17686 150.5092 23.82785		111.5594	FALSE	15|16|17	20005		0				105300										
1106	106704	小鼠人	2	59.86172 150.5092 21.18132		264.2877	FALSE	15|16|17	20001		0														
#1107	106704	小鼠人	2	62.27751 150.4873 27.62996		201.7341	FALSE	15|16|17	20005						105300										
1108	106704	小鼠人	2	61.10966 150.501 24.19196		276.1357	FALSE	15|16|17	20001		0														
#B区																									
2001	106701	矿工锄头	2	39.28303 152.3911 25.05498		312.5034	FALSE	15|16|17	20001		0														
2002	106701	矿工锄头	2	40.45918 152.3911 29.23575		103.8918	FALSE	15|16|17	20001		0														
2003	106701	矿工锄头	2	37.43892 152.3911 26.94855		207.5282	FALSE	15|16|17	20001		0														
#2004	106701	矿工锄头	2	38.08692 152.3911 29.80664		179.2458	FALSE	15|16|17	20001		0														
2005	106702	矿工水晶爆破者	2	39.93303 152.3911 26.93057		148.7691	FALSE	15|16|17	20002		0														
2006	106702	矿工水晶爆破者	2	36.27975 152.3911 24.46848		138.3312	FALSE	15|16|17	20002		0														
2101	106704	小鼠人	2	28.14567 152.3911 32.9481		312.5034	FALSE	15|16|17	20001		0														
#2102	106704	小鼠人	2	28.3393 152.3911 27.87103		103.8918	FALSE	15|16|17	20005		0				105300										
2103	106704	小鼠人	2	28.81143 152.4958 22.11653		207.5282	FALSE	15|16|17	20005		0				105300										
#2104	106704	小鼠人	2	32.95484 152.3933 20.574		179.2458	FALSE	15|16|17	20001		0														
2105	106704	小鼠人	2	37.51624 152.3911 19.37836		148.7691	FALSE	15|16|17	20001		0														
2106	106704	小鼠人	2	43.1027 152.3911 21.78728		138.3312	FALSE	15|16|17	20005		0				105300										
#2107	106704	小鼠人	2	44.2888 152.3911 27.78363		312.5034	FALSE	15|16|17	20005		0				105300										
2108	106704	小鼠人	2	41.54995 152.3911 32.55135		103.8918	FALSE	15|16|17	20001		0														
2109	106704	小鼠人	2	37.12396 152.3911 36.06775		207.5282	FALSE	15|16|17	20001		0														
#C区																									
3001	106701	矿工锄头	2	27.1669 152.3911 64.48019		325.6866	FALSE	15|16|17	20001		0														
3002	106701	矿工锄头	2	30.14062 152.3911 66.16232		228.6976	FALSE	15|16|17	20001		0														
#3003	106701	矿工锄头	2	29.6056 152.3911 62.04381		36.16637	FALSE	15|16|17	20001		0														
3004	106702	矿工水晶爆破者	2	26.18341 152.3911 61.9049		157.8462	FALSE	15|16|17	20002		0														
3005	106702	矿工水晶爆破者	2	32.98896 152.3911 64.80511		120.9999	FALSE	15|16|17	20002		0														
#3006	106702	矿工水晶爆破者	2	32.40488 152.3911 60.488		64.59894	FALSE	15|16|17	20002		0														
3007	106702	矿工水晶爆破者	2	28.63896 152.3911 59.91811		189.8648	FALSE	15|16|17	20002		0														
3101	106704	小鼠人	2	37.44845 152.4365 67.69031		325.6866	FALSE	15|16|17	20001		0														
3102	106704	小鼠人	2	21.55271 152.3911 68.56965		228.6976	FALSE	15|16|17	20005		0				105300										
#3103	106704	小鼠人	2	38.05039 152.4609 66.23538		36.16637	FALSE	15|16|17	20001		0														
3104	106704	小鼠人	2	37.74366 152.4832 64.46953		157.8462	FALSE	15|16|17	20001		0														
#3105	106704	小鼠人	2	20.59163 152.3911 67.2736		120.9999	FALSE	15|16|17	20001		0														
3106	106704	小鼠人	2	20.9626 152.4142 65.28191		64.59894	FALSE	15|16|17	20005		0				105300										
#D区																									
4001	106705	大鼠人精英（BOSS）	2	66.98015 152.4848 75.1151		325.6866	FALSE	15|16|17	20001		0														
4002	106704	小鼠人	2	67.43091 152.4972 78.86845		228.6976	FALSE	15|16|17	20005		0				105300										
4003	106704	小鼠人	2	70.41605 152.4455 76.03255		36.16637	FALSE	15|16|17	20001		0														
4004	106704	小鼠人	2	70.12933 152.4633 73.29337		157.8462	FALSE	15|16|17	20001		0														
4005	106704	小鼠人	2	64.7868 152.5051 77.8952		120.9999	FALSE	15|16|17	20001		0														
4006	106703	滚地老鼠	2	67.83115 152.4615 69.45783		64.59894	FALSE	15|16|17	20005		0				105100										
4007	106703	滚地老鼠	2	68.05021 152.4418 72.3303		189.8648	FALSE	15|16|17	20005		0				105100										
