Id	LinkId	CampId	Pos	Pos2	RotAngle	IsEnable	IdleAnimSet	AiLogic	AiParamDesc0	AiParam0	AiParamDesc1	AiParam1	AiParamDesc2	AiParam2	AiParamDesc3	AiParam3	AiParamDesc4	AiParam4	AiParamDesc5	AiParam5	AiParamDesc6	AiParam6	AiParamDesc7	AiParam7
20001	1	3	19.76737 170.5685 14.88178		59.28886	FALSE		0																
20002	2	3	19.76737 170.5685 14.88178		59.28886	FALSE		0																
#A区																								
1001	106201	2	22.31254 170.5802 21.02024		54.61502777	FALSE	15|16	20001		0														
1002	106201	2	23.31087 170.5738 18.12608		339.2835506	FALSE	15|16	20001		0														
1003	106201	2	27.13853 170.5654 18.99448		207.7015203	FALSE	15|16	20001		0														
1004	106203	2	26.2835 170.5586 22.45435		168.9247101	FALSE	15|16	20002		0														
1005	106201	2	35.77493 170.5244 9.76576		334.4525897	FALSE	15|16	20001		0														
1006	106201	2	38.9043 170.5055 6.999281		53.64187765	FALSE	15|16	20001		0														
1007	106203	2	41.87243 170.4752 9.626422		17.67632426	FALSE	15|16	20002		0														
1008	106203	2	39.87555 170.4801 12.487		302.4542846	FALSE	15|16	20002		0														
1101	106202	2	37.47531 170.4987 22.51631		171.8731596	FALSE	15|16	20001		0														
1102	106202	2	42.48288 170.3557 22.59702		311.9522551	FALSE	15|16	20001		0														
1103	106202	2	42.37144 170.4914 18.43813		89.34429409	FALSE	15|16	20001		0														
1104	106204	2	39.14021 170.4893 18.02595		153.0830057	FALSE	15|16	20001		0														
1105	106203	2	21.96281 170.556 12.06558		235.6588003	FALSE	15|16	20002		0														
1106	106203	2	26.27254 170.5587 12.41445		158.3710393	FALSE	15|16	20002		0														
1107	106203	2	27.15022 170.5467 9.758164		61.22346015	FALSE	15|16	20002		0														
1108	106203	2	22.84403 170.5426 9.120024		193.4442273	FALSE	15|16	20002		0														
1201	106201	2	55.66491 168.6875 27.33824		305.8380252	FALSE	15|16	20001		0														
1202	106201	2	61.78989 168.6588 28.48647		151.4349194	FALSE	15|16	20001		0														
1203	106201	2	57.45397 168.6794 24.16088		233.0676918	FALSE	15|16	20001		0														
1204	106201	2	62.51056 168.6464 25.43119		101.2145896	FALSE	15|16	20001		0														
1205	106202	2	68.01585 168.5937 18.24206		333.7973225	FALSE	15|16	20001		0														
1206	106202	2	70.3975 168.5812 15.51763		250.0332753	FALSE	15|16	20001		0														
1207	106202	2	67.77032 168.5816 13.91618		314.6949931	FALSE	15|16	20001		0														
1208	106202	2	63.83185 168.6173 15.93492		82.37917905	FALSE	15|16	20001		0														
1301	106204	2	51.97552 168.895 19.26826		174.3731319	FALSE	15|16	20001		0														
1302	106203	2	55.10105 168.7103 16.45729		6.653161344	FALSE	15|16	20002		0														
1303	106203	2	55.42067 168.756 20.65213		198.9238952	FALSE	15|16	20002		0														
1304	106203	2	57.69586 168.6766 17.88727		128.34396	FALSE	15|16	20002		0														
1305	106204	2	66.65009 168.6246 25.29597		312.7373703	FALSE	15|16	20001		0														
1306	106203	2	67.24393 168.6106 22.10774		191.6629318	FALSE	15|16	20002		0														
1307	106203	2	69.97079 168.6731 25.71108		148.6375099	FALSE	15|16	20002		0														
1308	106203	2	64.31263 168.6269 22.60613		254.1110002	FALSE	15|16	20002		0														
#B区																								
2001	106201	2	60.03054 166.8338 53.51238		298.3889822	FALSE	15|16	20001		0														
2002	106202	2	59.40704 166.8546 56.029		17.56913882	FALSE	15|16	20001		0														
2003	106203	2	56.22324 166.846 55.73641		114.5150684	FALSE	15|16	20002		0														
2004	106204	2	56.6781 166.8398 51.86953		231.6445742	FALSE	15|16	20001		0														
2005	106201	2	46.64628 166.8249 45.42445		217.7460315	FALSE	15|16	20001		0														
2006	106202	2	44.15084 166.8484 50.02781		237.8758947	FALSE	15|16	20001		0														
2007	106203	2	47.03196 166.8285 52.45489		202.3283435	FALSE	15|16	20002		0														
2008	106204	2	49.21619 166.8249 47.95226		278.2125036	FALSE	15|16	20001		0														
2101	106202	2	52.32178 166.9158 57.37651		213.7004191	FALSE	15|16	20001		0														
2102	106202	2	48.25876 166.8735 56.21582		338.00166	FALSE	15|16	20001		0														
2103	106202	2	49.55188 166.8637 53.67257		156.4308784	FALSE	15|16	20001		0														
2104	106203	2	52.66315 166.856 54.0829		321.5102081	FALSE	15|16	20002		0														
2105	106201	2	56.68847 167.2829 44.58883		167.402797	FALSE	15|16	20001		0														
2106	106201	2	52.36838 167.1716 42.30564		148.7982056	FALSE	15|16	20001		0														
2107	106201	2	51.67583 166.8249 46.49413		74.05796578	FALSE	15|16	20001		0														
2108	106203	2	55.98034 166.8249 47.70277		58.67229728	FALSE	15|16	20002		0														
2201	106204	2	58.71348 166.8312 50.4871		92.28198788	FALSE	15|16	20001		0														
2202	106202	2	57.8573 166.9455 46.91734		139.9108754	FALSE	15|16	20001		0														
2203	106201	2	54.73526 166.8311 49.72956		203.7307884	FALSE	15|16	20001		0														
2204	106204	2	55.67866 166.845 53.39396		37.68706946	FALSE	15|16	20001		0														
2205	106203	2	49.55243 166.8684 55.62061		182.6380024	FALSE	15|16	20002		0														
2206	106203	2	46.19665 166.852 54.21283		157.4598215	FALSE	15|16	20002		0														
2207	106203	2	46.74261 166.8249 50.11586		37.60028063	FALSE	15|16	20002		0														
2208	106203	2	49.32792 166.8249 51.1809		112.1751722	FALSE	15|16	20002		0														
#C区																								
3001	106201	2	42.68532 168.6469 64.15022		62.0382551	FALSE	15|16	20001		0														
3002	106201	2	45.89595 168.6522 64.32715		119.4614746	FALSE	15|16	20001		0														
3003	106201	2	45.21197 168.6532 67.01		195.0239174	FALSE	15|16	20001		0														
3004	106203	2	41.96383 168.6591 67.3277		164.1150222	FALSE	15|16	20002		0														
3005	106201	2	44.31057 168.6528 77.96923		230.373286	FALSE	15|16	20001		0														
3006	106201	2	39.81399 168.6638 76.35472		36.38336302	FALSE	15|16	20001		0														
3007	106203	2	35.45467 168.6699 79.27824		202.4220943	FALSE	15|16	20002		0														
3008	106203	2	37.119 168.6647 74.54002		278.5073825	FALSE	15|16	20002		0														
3101	106202	2	28.90338 168.5797 68.37624		301.1100579	FALSE	15|16	20001		0														
3102	106202	2	31.14747 168.6268 64.24296		39.56329387	FALSE	15|16	20001		0														
3103	106202	2	35.36726 168.6161 65.18547		186.9699737	FALSE	15|16	20001		0														
3104	106204	2	33.30005 168.5869 68.40687		42.22573378	FALSE	15|16	20001		0														
3105	106203	2	52.33044 168.6523 73.24078		90.75176239	FALSE	15|16	20002		0														
3106	106203	2	51.39587 168.6429 69.45844		71.47332325	FALSE	15|16	20002		0														
3107	106203	2	48.12753 168.6456 72.92863		227.2520733	FALSE	15|16	20002		0														
3108	106203	2	46.78073 168.6491 69.29491		227.2888447	FALSE	15|16	20002		0														
3201	106205	2	26.64167 168.6653 75.79974		76.7158715	FALSE	15|16	20001		0														
3202	106204	2	37.30454 168.6205 65.3951		344.9837892	FALSE	15|16	20001		0														
3203	106203	2	40.52049 168.637 65.4828		327.3487347	FALSE	15|16	20002		0														
3204	106203	2	43.75206 168.6564 67.96916		129.9904312	FALSE	15|16	20002		0														
3205	106204	2	46.63904 168.6488 72.22606		65.4586269	FALSE	15|16	20001		0														
3206	106203	2	44.92778 168.6519 75.886		98.25400267	FALSE	15|16	20002		0														
3207	106203	2	41.48544 168.6595 77.79282		40.22125135	FALSE	15|16	20002		0														
3208	106204	2	37.05054 168.6675 76.53915		56.96214054	FALSE	15|16	20001		0														
3209	106203	2	33.09066 168.6568 71.65269		63.82154468	FALSE	15|16	20002		0														
3210	106205	2	39.08067 168.6617 71.09724		156.5675111	FALSE	15|16	20001		0														
