-.png,0,0,64,64
0.png,64,0,64,64
1.png,128,0,64,64
10.png,192,0,64,64
100.png,256,0,64,64
11.png,320,0,64,64
12.png,384,0,64,64
13.png,448,0,64,64
14.png,512,0,64,64
15.png,576,0,64,64
16.png,640,0,64,64
17.png,704,0,64,64
18.png,768,0,64,64
19.png,832,0,64,64
2.png,896,0,64,64
20.png,960,0,64,64
21.png,0,64,64,64
22.png,0,128,64,64
23.png,0,192,64,64
24.png,0,256,64,64
25.png,0,320,64,64
26.png,0,384,64,64
27.png,0,448,64,64
28.png,0,512,64,64
29.png,0,576,64,64
3.png,0,640,64,64
30.png,0,704,64,64
31.png,0,768,64,64
32.png,0,832,64,64
33.png,0,896,64,64
34.png,0,960,64,64
35.png,64,64,64,64
36.png,128,64,64,64
37.png,192,64,64,64
38.png,256,64,64,64
39.png,320,64,64,64
4.png,384,64,64,64
40.png,448,64,64,64
41.png,512,64,64,64
42.png,576,64,64,64
43.png,640,64,64,64
44.png,704,64,64,64
45.png,768,64,64,64
46.png,832,64,64,64
47.png,896,64,64,64
48.png,960,64,64,64
49.png,64,128,64,64
5.png,64,192,64,64
50.png,64,256,64,64
51.png,64,320,64,64
52.png,64,384,64,64
53.png,64,448,64,64
54.png,64,512,64,64
55.png,64,576,64,64
56.png,64,640,64,64
57.png,64,704,64,64
58.png,64,768,64,64
59.png,64,832,64,64
6.png,64,896,64,64
60.png,64,960,64,64
61.png,128,128,64,64
62.png,192,128,64,64
63.png,256,128,64,64
64.png,320,128,64,64
65.png,384,128,64,64
66.png,448,128,64,64
67.png,512,128,64,64
68.png,576,128,64,64
69.png,640,128,64,64
7.png,704,128,64,64
70.png,768,128,64,64
71.png,832,128,64,64
72.png,896,128,64,64
73.png,960,128,64,64
74.png,128,192,64,64
75.png,128,256,64,64
76.png,128,320,64,64
77.png,128,384,64,64
78.png,128,448,64,64
79.png,128,512,64,64
8.png,128,576,64,64
80.png,128,640,64,64
81.png,128,704,64,64
82.png,128,768,64,64
83.png,128,832,64,64
84.png,128,896,64,64
85.png,128,960,64,64
86.png,192,192,64,64
87.png,256,192,64,64
88.png,320,192,64,64
89.png,384,192,64,64
9.png,448,192,64,64
90.png,512,192,64,64
91.png,576,192,64,64
92.png,640,192,64,64
93.png,704,192,64,64
94.png,768,192,64,64
95.png,832,192,64,64
96.png,896,192,64,64
97.png,960,192,64,64
98.png,192,256,64,64
99.png,192,320,64,64
